1455
3272
0,1
0,2
0,3
0,4
0,5
0,6
0,7
0,8
0,9
0,10
1,0
0,11
0,12
0,13
0,14
0,15
0,16
0,17
0,18
0,19
0,20
2,0
0,21
0,22
0,23
0,24
0,25
0,26
0,27
3,0
4,0
5,0
6,0
7,0
8,0
9,0
10,0
11,0
12,0
1,28
13,0
1,33
14,0
15,0
16,0
1,64
17,0
18,0
19,0
20,0
21,0
22,0
23,0
2,33
24,0
25,0
26,0
2,64
27,0
28,1
28,4
28,6
28,8
28,9
0,304
33,1
33,2
33,4
33,6
33,7
33,9
3,64
4,28
4,33
4,64
5,64
6,28
6,33
64,1
64,2
64,3
64,4
64,5
64,7
64,8
7,33
7,64
8,28
8,64
9,28
9,33
10,28
11,28
11,33
1,147
1,154
1,162
11,64
1,193
12,33
12,64
13,33
13,64
14,28
14,64
147,1
147,3
147,5
147,7
147,8
147,9
15,28
154,1
154,3
154,4
154,5
154,7
154,8
154,9
162,1
162,5
162,6
162,7
162,8
162,9
17,28
17,33
18,28
18,63
18,64
193,1
19,33
19,64
20,33
20,64
21,64
26,28
26,33
27,28
27,33
28,10
28,11
28,14
28,15
28,17
28,18
28,26
28,27
28,29
28,30
28,31
28,32
29,28
29,33
30,28
304,0
31,28
3,147
3,154
32,28
33,11
33,12
33,13
33,17
33,19
33,20
33,26
33,27
33,29
33,34
33,35
33,36
33,37
33,38
33,39
33,40
33,41
33,42
33,43
33,44
33,45
33,46
33,47
33,48
33,49
33,50
33,51
33,52
33,53
33,54
33,55
33,56
33,57
33,58
33,59
33,60
33,61
33,62
34,33
35,33
35,64
36,33
37,33
38,33
39,33
39,64
40,33
41,33
4,154
42,33
43,33
43,64
44,33
44,64
45,33
46,33
47,33
47,64
48,33
48,64
49,33
50,33
51,33
5,147
5,154
5,162
51,64
52,33
53,33
53,64
54,33
55,33
55,64
56,33
56,64
57,33
58,33
58,64
59,33
59,64
60,33
61,33
6,162
62,33
63,18
64,11
64,12
64,13
64,14
64,18
64,19
64,20
64,21
64,35
64,39
64,43
64,44
64,47
64,48
64,51
64,53
64,55
64,56
64,58
64,59
64,65
64,66
64,67
64,68
64,69
64,70
64,71
64,72
64,73
64,74
64,75
64,76
64,77
64,78
64,79
64,80
64,81
64,82
64,83
64,84
64,85
64,86
64,87
64,88
64,89
64,90
64,91
64,92
64,93
64,94
64,95
64,96
64,97
64,98
64,99
65,64
66,64
67,64
68,64
6,918
69,64
70,64
7,147
7,154
7,162
71,64
72,64
73,64
74,64
75,64
76,64
77,64
78,64
79,64
80,64
8,147
8,154
8,162
81,64
82,64
83,64
84,64
85,64
86,64
87,64
88,64
89,64
90,64
9,147
9,154
9,162
91,64
918,6
92,64
93,64
94,64
95,64
96,64
97,64
98,64
99,64
100,64
10,162
101,64
102,64
103,64
104,64
105,64
10,580
106,64
107,64
108,64
109,64
110,64
11,154
11,162
111,64
112,64
113,64
114,64
115,64
1160,6
116,64
117,64
118,64
119,64
120,64
12,147
121,64
122,64
123,64
124,64
125,64
126,64
127,64
128,64
1290,9
1291,9
129,64
1297,9
130,64
13,147
13,154
13,162
131,64
132,64
133,64
134,64
135,64
136,64
137,64
13,780
138,64
139,64
140,64
14,154
141,64
142,64
143,64
144,64
145,64
146,64
147,12
147,13
147,19
147,20
147,29
147,38
147,39
147,51
147,55
147,60
147,65
147,66
147,67
147,73
147,84
147,92
147,96
154,11
154,13
154,14
154,19
154,20
154,29
154,44
154,51
154,65
154,67
154,72
154,73
154,75
154,86
154,90
154,93
154,96
16,162
162,10
162,11
162,13
162,16
162,17
162,21
162,22
162,23
162,24
162,27
162,30
162,42
162,45
162,52
162,53
162,55
162,56
162,58
162,60
162,62
162,84
162,87
162,88
162,89
17,162
19,147
19,154
193,20
193,22
193,26
193,27
193,29
193,35
193,38
193,43
193,52
193,54
193,55
193,65
20,147
20,154
20,193
205,64
210,64
21,162
22,162
22,193
23,162
24,162
25,305
26,193
263,46
26,809
27,162
27,193
28,304
29,147
29,154
29,193
30,162
304,28
305,25
35,193
38,147
38,193
39,147
42,162
43,193
44,154
45,162
46,263
51,147
51,154
52,162
52,193
53,162
54,193
55,147
55,162
55,193
56,162
580,10
58,162
60,147
60,162
60,920
6,1160
62,162
64,100
64,101
64,102
64,103
64,104
64,105
64,106
64,107
64,108
64,109
64,110
64,111
64,112
64,113
64,114
64,115
64,116
64,117
64,118
64,119
64,120
64,121
64,122
64,123
64,124
64,125
64,126
64,127
64,128
64,129
64,130
64,131
64,132
64,133
64,134
64,135
64,136
64,137
64,138
64,139
64,140
64,141
64,142
64,143
64,144
64,145
64,146
64,205
64,210
65,147
65,154
65,193
66,147
67,147
67,154
72,154
73,147
73,154
75,154
780,13
809,26
84,147
84,162
86,154
87,162
88,162
89,162
90,154
9,1290
9,1291
9,1297
920,60
92,147
93,154
96,147
96,154
100,147
100,154
100,162
104,147
104,154
105,154
106,154
106,162
106,926
110,154
1109,81
1111,81
113,147
114,147
114,154
115,162
1171,54
1172,26
1172,28
1172,33
1172,54
119,154
124,147
124,154
124,162
126,154
1268,93
1269,55
127,154
128,154
1301,27
130,162
131,162
1329,58
133,147
139,154
139,162
140,147
141,147
142,154
143,162
144,162
145,162
145,193
146,154
146,162
146,193
146,272
146,273
147,100
147,104
147,113
147,114
147,124
147,133
147,140
147,141
147,148
147,149
147,150
147,151
147,152
147,153
147,205
147,206
148,147
148,193
149,147
150,147
150,193
151,147
152,147
153,147
154,100
154,104
154,105
154,106
154,110
154,114
154,119
154,124
154,126
154,127
154,128
154,139
154,142
154,146
154,155
154,156
154,157
154,158
154,159
154,160
154,161
154,205
155,154
156,154
157,154
158,154
159,154
160,154
161,154
161,162
161,193
162,100
162,106
162,115
162,124
162,130
162,131
162,139
162,143
162,144
162,145
162,146
162,161
162,163
162,164
162,165
162,166
162,167
162,168
162,169
162,170
162,171
162,172
162,173
162,174
162,175
162,176
162,177
162,178
162,179
162,180
162,181
162,182
162,183
162,184
162,185
162,186
162,187
162,188
162,189
162,190
162,191
162,192
162,206
162,207
163,162
164,162
165,162
166,162
167,162
168,162
169,162
169,969
169,970
170,162
171,162
172,162
173,162
173,193
174,162
175,162
175,193
176,162
177,162
178,162
178,193
179,162
180,162
181,162
181,193
182,162
182,193
183,162
184,162
185,162
186,162
187,162
188,162
189,162
190,162
191,162
192,162
193,145
193,146
193,148
193,150
193,161
193,173
193,175
193,178
193,181
193,182
193,194
193,195
193,196
193,197
193,198
193,199
193,200
193,201
193,202
193,203
193,204
194,193
195,193
196,193
197,193
198,193
199,193
199,754
200,193
201,193
202,193
203,193
204,193
205,147
205,154
206,147
206,162
207,162
208,209
209,208
211,212
211,906
212,211
213,214
213,215
214,213
214,215
214,216
215,213
215,214
216,214
216,217
217,216
218,219
218,220
218,221
218,222
218,223
218,339
218,863
219,218
220,218
221,218
222,218
223,218
223,796
224,225
224,226
224,227
225,224
226,224
227,224
227,228
228,227
229,230
229,324
230,229
231,232
231,233
231,234
231,235
231,236
231,237
232,231
233,231
233,530
233,535
233,539
234,231
235,231
236,231
237,231
238,239
239,238
239,295
239,306
239,307
239,407
239,623
239,754
240,241
240,242
240,243
240,244
240,245
240,246
240,247
240,248
240,249
240,250
240,251
240,252
240,253
240,254
240,255
240,256
240,257
240,258
240,259
241,240
242,240
243,240
244,240
244,265
244,301
244,501
244,695
245,240
246,240
247,240
248,240
249,240
250,240
251,240
252,240
253,240
254,240
255,240
256,240
257,240
258,240
259,240
260,261
260,262
260,269
26,1172
261,260
262,260
263,264
263,274
263,275
263,278
263,283
264,263
265,244
265,266
266,265
266,304
267,268
268,267
269,260
269,762
270,271
271,270
27,1301
272,146
273,146
274,263
275,263
276,277
276,296
277,276
278,263
279,280
280,279
28,1172
281,282
281,294
281,670
282,281
283,263
283,284
283,285
284,283
285,283
285,465
285,607
286,287
286,882
287,286
288,289
288,308
288,315
288,317
288,319
288,323
288,325
289,288
290,291
290,314
290,316
290,318
291,290
292,293
293,292
293,989
294,281
295,239
296,276
297,298
297,670
298,297
298,299
298,300
298,835
298,883
298,903
298,988
299,298
299,300
299,744
299,783
299,835
300,298
300,299
300,702
301,244
301,619
302,303
302,430
302,463
303,302
304,266
304,326
304,327
304,328
306,239
307,239
308,288
308,514
308,610
308,936
309,310
310,309
311,312
311,313
312,311
313,311
314,290
314,641
314,764
314,766
314,987
315,288
316,290
316,641
317,288
318,290
318,325
318,641
319,288
320,321
320,322
321,320
321,322
321,990
321,992
322,320
322,321
323,288
323,514
323,762
324,229
325,288
325,318
326,304
327,304
328,304
329,330
330,329
330,598
330,938
33,1172
331,332
332,331
332,336
332,673
333,334
333,335
333,336
333,337
333,338
334,333
335,333
336,332
336,333
337,333
338,333
339,218
339,340
339,341
339,342
339,343
339,344
339,427
340,339
341,339
342,339
343,339
344,339
345,346
345,347
345,348
345,349
346,345
347,345
348,345
349,345
350,351
350,352
350,353
350,354
350,355
350,356
351,350
351,352
351,353
351,354
351,355
351,356
351,784
352,350
352,351
352,353
352,354
352,355
352,356
352,784
353,350
353,351
353,352
353,354
353,355
353,356
353,784
354,350
354,351
354,352
354,353
354,355
354,356
354,740
355,350
355,351
355,352
355,353
355,354
355,356
356,350
356,351
356,352
356,353
356,354
356,355
357,358
357,359
357,360
357,361
358,357
359,357
360,357
361,357
362,363
362,364
362,365
362,366
362,367
362,368
362,369
362,370
362,371
362,372
362,373
362,374
362,375
362,376
362,378
362,504
363,362
363,366
363,368
364,362
364,365
364,366
364,367
364,368
364,369
364,370
364,372
365,362
365,364
365,369
366,362
366,363
366,364
366,369
367,362
367,364
367,369
368,362
368,363
368,364
368,369
369,362
369,364
369,365
369,366
369,367
369,368
369,370
369,373
369,374
369,375
369,376
369,377
370,362
370,364
370,369
370,561
371,362
372,362
372,364
373,362
373,369
373,504
374,362
374,369
374,504
375,362
375,369
376,362
376,369
377,369
378,362
378,504
379,380
380,379
381,382
382,381
383,384
384,383
384,891
385,386
385,387
386,385
387,385
388,389
388,390
389,388
390,388
391,392
392,391
393,394
393,395
394,393
395,393
396,397
397,396
398,399
398,909
398,910
399,398
400,401
400,402
401,400
402,400
403,404
404,403
405,406
406,405
407,239
408,409
408,410
408,411
408,412
408,413
408,414
409,408
410,408
411,408
411,719
412,408
413,408
414,408
415,416
415,417
416,415
416,897
417,415
417,897
418,419
419,418
421,422
422,421
422,530
422,535
422,539
423,424
424,423
424,425
424,806
425,424
426,427
427,339
427,426
427,585
427,588
427,589
427,590
427,597
427,601
427,602
428,429
429,428
430,302
430,431
430,619
430,620
431,430
432,433
433,432
433,434
433,435
434,433
434,506
434,517
435,433
435,480
435,598
435,643
436,437
436,438
436,990
437,436
437,439
437,440
438,436
438,439
438,440
439,437
439,438
440,437
440,438
441,442
442,441
442,492
442,493
443,444
443,445
443,446
443,447
443,450
443,451
443,452
443,453
443,454
444,443
444,448
445,443
446,443
446,448
447,443
447,448
448,444
448,446
448,447
448,449
448,450
448,451
448,452
448,453
448,454
449,448
450,443
450,448
451,443
451,448
452,443
452,448
453,443
453,448
454,443
454,448
455,456
456,455
456,457
456,458
456,497
456,706
457,456
458,456
458,514
458,762
459,460
459,461
459,482
460,459
460,555
461,459
462,463
463,302
463,462
463,480
464,465
464,466
464,467
464,468
464,473
464,497
464,502
464,504
464,706
464,900
464,965
465,285
465,464
465,489
466,464
466,505
466,839
467,464
468,464
468,875
468,957
469,470
469,471
469,472
469,476
469,491
470,469
471,469
472,469
473,464
474,475
474,476
474,822
475,474
475,477
475,478
476,469
476,474
476,477
476,478
476,497
476,762
477,475
477,476
477,478
477,961
477,962
477,963
477,964
478,475
478,476
478,477
478,617
478,961
479,480
480,435
480,463
480,479
480,481
481,480
482,459
483,484
484,483
484,485
484,486
484,487
485,484
486,484
487,484
487,488
488,487
489,465
489,490
489,491
489,497
490,489
491,469
491,489
492,442
493,442
493,494
494,493
495,496
495,497
495,502
496,495
496,497
497,456
497,464
497,476
497,489
497,495
497,496
497,519
498,499
498,500
499,498
500,498
501,244
502,464
502,495
502,503
502,504
503,502
503,965
503,966
504,362
504,373
504,374
504,378
504,464
504,502
504,829
505,466
505,555
505,557
506,434
507,508
508,507
509,510
510,509
511,512
511,513
512,511
513,511
514,308
514,323
514,458
514,515
515,514
515,766
516,517
516,518
517,434
517,516
518,516
519,497
520,521
520,522
520,523
520,524
520,525
520,526
520,527
520,528
520,529
521,520
522,520
523,520
524,520
524,527
525,520
525,526
526,520
526,525
527,520
527,524
528,520
529,520
529,797
530,233
530,422
530,531
530,532
530,533
530,534
530,536
530,537
530,538
530,540
530,541
530,542
530,544
530,545
530,546
530,548
530,549
530,550
531,530
531,535
531,539
531,693
531,694
532,530
532,535
532,539
533,530
533,535
533,539
534,530
534,535
534,539
534,703
534,752
534,760
535,233
535,422
535,531
535,532
535,533
535,534
535,536
535,537
535,538
536,530
536,535
536,539
537,530
537,535
537,539
538,530
538,535
538,539
539,233
539,422
539,531
539,532
539,533
539,534
539,536
539,537
539,538
539,540
539,541
539,542
539,543
539,544
539,545
539,546
539,547
539,548
539,549
539,550
540,530
540,539
54,1171
54,1172
541,530
541,539
542,530
542,539
543,539
544,530
544,539
545,530
545,539
546,530
546,539
547,539
548,530
548,539
549,530
549,539
550,530
550,539
55,1269
551,552
552,551
552,553
553,552
554,555
555,460
555,505
555,554
555,556
555,798
556,555
557,505
558,559
558,560
558,561
559,558
560,558
561,370
561,558
561,562
561,993
561,994
561,995
561,998
561,999
562,561
563,564
564,563
565,566
566,565
567,568
568,567
569,570
569,571
570,569
571,569
572,573
572,574
573,572
573,614
574,572
575,576
575,577
576,575
577,575
578,579
579,578
580,581
580,582
580,591
580,592
580,593
580,594
580,595
580,596
580,603
580,604
580,608
58,1329
581,580
582,580
583,584
584,583
585,427
586,587
587,586
588,427
589,427
590,427
591,580
592,580
593,580
594,580
595,580
596,580
597,427
598,330
598,435
598,599
598,600
598,605
598,606
598,609
599,598
600,598
601,427
602,427
603,580
604,580
605,598
605,689
606,598
607,285
607,697
607,740
607,890
607,898
607,905
607,943
608,580
609,598
610,308
610,611
611,610
612,613
613,612
614,573
615,616
616,615
617,478
617,618
617,821
618,617
619,301
619,430
620,430
621,622
622,621
623,239
624,625
624,960
625,624
625,912
626,627
626,628
626,629
626,630
626,631
626,645
627,626
627,644
627,646
628,626
628,644
628,646
628,913
629,626
629,644
629,646
630,626
631,626
633,634
633,635
634,633
635,633
636,637
637,636
638,639
638,640
639,638
640,638
641,314
641,316
641,318
642,643
643,435
643,642
644,627
644,628
644,629
644,645
645,626
645,644
645,646
646,627
646,628
646,629
646,645
647,648
648,647
649,650
650,649
650,969
651,652
652,651
652,765
652,805
653,654
654,653
654,655
654,656
655,654
656,654
657,658
658,657
658,659
658,660
658,661
658,662
658,663
659,658
660,658
661,658
662,658
663,658
664,665
664,666
665,664
666,664
667,668
668,667
669,670
669,817
669,850
670,281
670,297
670,669
670,671
670,672
670,673
670,674
670,675
670,676
671,670
672,670
673,332
673,670
674,670
675,670
676,670
676,721
677,678
678,677
678,723
678,724
678,725
679,680
679,681
680,679
681,679
682,683
683,682
684,685
684,686
684,687
684,688
685,684
686,684
687,684
688,684
689,605
690,691
690,692
691,690
691,733
692,690
693,531
694,531
695,244
696,697
696,698
697,607
697,696
697,897
698,696
699,700
699,701
700,699
701,699
702,300
703,534
703,704
703,705
704,703
705,703
706,456
706,464
707,708
708,707
710,711
710,715
711,710
711,712
711,713
711,714
712,711
713,711
714,711
715,710
715,825
715,904
716,717
717,716
718,719
719,411
719,718
719,720
720,719
721,676
721,722
722,721
723,678
724,678
725,678
726,727
726,728
727,726
728,726
729,730
729,731
729,732
730,729
731,729
732,729
733,691
734,735
734,736
735,734
736,734
737,738
737,739
738,737
739,737
740,354
740,607
741,742
741,743
742,741
743,741
744,299
745,746
746,745
746,747
747,746
748,749
749,748
749,769
750,751
751,750
752,534
752,753
752,876
752,884
752,891
753,752
754,199
754,239
754,755
754,756
754,757
754,758
754,759
755,754
755,757
755,774
755,777
755,778
755,779
756,754
757,754
757,755
757,773
758,754
759,754
760,534
762,269
762,323
762,458
762,476
762,763
763,762
764,314
765,652
766,314
766,515
767,768
767,780
768,767
769,749
770,771
770,772
771,770
772,770
773,757
773,774
773,775
773,776
773,777
773,778
774,755
774,773
775,773
776,773
777,755
777,773
778,755
778,773
779,755
780,767
780,781
781,780
781,879
781,880
782,783
783,299
783,782
784,351
784,352
784,353
785,786
785,787
786,785
787,785
788,789
788,790
788,791
788,792
788,793
789,788
789,931
790,788
791,788
792,788
793,788
794,795
795,794
796,223
797,529
798,555
799,800
799,802
799,803
800,799
800,801
801,800
801,803
802,799
803,799
803,801
803,804
804,803
805,652
806,424
807,808
808,807
810,811
810,812
810,813
81,1109
81,1111
811,810
812,810
813,810
813,814
814,813
815,816
816,815
817,669
817,818
817,819
818,817
819,817
820,821
821,617
821,820
822,474
822,823
822,824
823,822
824,822
825,715
825,826
826,825
827,828
828,827
829,504
829,830
830,829
831,832
832,831
833,834
834,833
835,298
835,299
835,836
835,837
835,838
836,835
837,835
838,835
839,466
839,840
839,841
839,842
839,843
839,844
840,839
841,839
842,839
843,839
844,839
845,846
845,847
846,845
847,845
848,849
849,848
850,669
851,852
851,853
852,851
853,851
854,855
855,854
855,957
856,857
857,856
858,859
858,860
858,861
859,858
860,858
861,858
861,862
862,861
863,218
864,865
865,864
866,867
866,868
867,866
868,866
869,870
870,869
871,872
871,881
871,902
872,871
873,874
873,895
874,873
875,468
876,752
877,878
878,877
879,781
879,929
880,781
881,871
882,286
883,298
884,752
885,886
885,897
886,885
886,887
887,886
888,889
888,901
889,888
890,607
891,384
891,752
891,892
892,891
893,894
894,893
895,873
896,897
897,416
897,417
897,697
897,885
897,896
897,898
898,607
898,897
899,900
900,464
900,899
901,888
902,871
903,298
904,715
905,607
906,211
907,908
908,907
909,398
910,398
911,912
911,927
911,928
911,930
912,625
912,911
913,628
914,915
915,914
916,917
917,916
918,919
919,918
920,921
921,920
922,923
923,922
924,925
925,924
926,106
927,911
928,911
929,879
930,911
93,1268
931,789
932,933
933,932
933,934
934,933
935,936
936,308
936,935
936,937
937,936
938,330
938,939
939,938
940,941
940,942
941,940
942,940
943,607
944,945
944,946
945,944
946,944
947,948
948,947
949,950
949,951
950,949
951,949
952,953
953,952
953,954
954,953
955,956
956,955
957,468
957,855
958,959
959,958
960,624
961,477
961,478
962,477
963,477
964,477
965,464
965,503
965,967
966,503
967,965
968,969
968,970
969,169
969,650
969,968
969,970
970,169
970,968
970,969
971,972
971,973
971,974
971,975
972,971
973,971
974,971
975,971
976,977
977,976
978,979
978,980
978,981
978,982
979,978
980,978
981,978
982,978
982,983
983,982
984,985
985,984
985,986
986,985
987,314
988,298
989,293
990,321
990,436
990,991
991,990
992,321
993,561
994,561
995,561
996,997
997,996
998,561
999,561
1000,561
1008,291
1009,291
1010,291
1018,503
1018,504
1020,599
1023,702
1024,238
1024,439
1024,669
1024,983
1026,977
1033,276
1049,464
1049,503
1049,504
1050,504
106,1312
1067,911
1068,911
1069,911
1071,534
1077,682
1080,985
1081,985
1082,855
1083,855
1084,855
1094,364
1095,364
1096,920
1097,920
1098,920
1099,920
1100,920
1101,920
1103,920
1104,920
1109,293
1111,293
1115,854
1125,239
1128,525
1128,527
1129,523
1129,526
1130,464
1130,504
1135,431
1136,431
1145,318
1149,911
1150,911
1151,339
1152,855
1153,855
1157,854
1158,286
1158,671
1158,739
1158,894
1159,286
1160,671
1161,239
1165,973
1166,977
1174,159
1178,853
1188,880
1194,183
1194,970
1205,322
1216,169
1216,183
1217,169
1217,183
1217,650
1217,969
1218,183
1221,351
1222,199
1227,379
1231,169
1232,811
1233,350
1233,351
1233,352
1234,351
1234,352
1235,920
1238,229
1238,607
1243,146
1246,701
1250,325
1250,486
1250,916
1254,136
1254,199
1254,728
1254,758
1258,362
1258,373
1258,374
1258,378
1258,504
1259,504
1264,169
1268,986
1269,218
1269,607
1269,617
1282,477
1293,229
1293,607
1301,854
1302,617
1303,617
1304,617
1307,297
1307,983
1309,787
1310,787
1311,787
1312,106
1319,464
1319,620
1329,211
1329,289
1335,607
1336,300
1336,655
1344,666
1344,755
1344,774
136,1254
1405,332
1406,332
1408,489
1411,239
1412,465
1413,465
1415,465
1419,509
1422,607
1423,194
1428,607
1431,503
1444,181
1445,941
1447,300
1448,920
1449,464
1450,427
1452,169
146,1243
159,1174
169,1216
169,1217
169,1231
169,1264
169,1452
181,1444
183,1194
183,1216
183,1217
183,1218
194,1423
199,1222
199,1254
211,1329
218,1269
229,1238
229,1293
238,1024
239,1125
239,1161
239,1411
276,1033
286,1158
286,1159
289,1329
291,1008
291,1009
291,1010
293,1109
293,1111
297,1307
300,1336
300,1447
318,1145
322,1205
325,1250
332,1405
332,1406
339,1151
350,1233
351,1221
351,1233
351,1234
352,1233
352,1234
362,1258
364,1094
364,1095
373,1258
374,1258
378,1258
379,1227
427,1450
431,1135
431,1136
439,1024
464,1049
464,1130
464,1319
464,1449
465,1412
465,1413
465,1415
477,1282
486,1250
489,1408
503,1018
503,1049
503,1431
504,1018
504,1049
504,1050
504,1130
504,1258
504,1259
509,1419
523,1129
525,1128
526,1129
527,1128
534,1071
561,1000
599,1020
607,1238
607,1269
607,1293
607,1335
607,1422
607,1428
617,1269
617,1302
617,1303
617,1304
620,1319
650,1217
655,1336
666,1344
669,1024
671,1158
671,1160
682,1077
701,1246
702,1023
728,1254
739,1158
755,1344
758,1254
774,1344
787,1309
787,1310
787,1311
811,1232
853,1178
854,1115
854,1157
854,1301
855,1082
855,1083
855,1084
855,1152
855,1153
880,1188
894,1158
911,1067
911,1068
911,1069
911,1149
911,1150
916,1250
920,1096
920,1097
920,1098
920,1099
920,1100
920,1101
920,1103
920,1104
920,1235
920,1448
941,1445
969,1217
970,1194
973,1165
977,1026
977,1166
983,1024
983,1307
985,1080
985,1081
986,1268
1001,1002
1001,1003
1001,1004
1002,1001
1003,1001
1004,1001
1005,1006
1005,1007
1006,1005
1007,1005
1007,1158
1007,1407
1011,1012
1012,1011
1012,1013
1013,1012
1014,1015
1015,1014
1015,1016
1015,1017
1016,1015
1017,1015
1019,1041
1019,1154
1020,1021
1020,1022
1021,1020
1022,1020
1024,1025
1025,1024
1027,1028
1028,1027
1029,1030
1030,1029
1031,1032
1031,1247
1032,1031
1032,1085
1033,1034
1033,1035
1033,1036
1034,1033
1035,1033
1036,1033
1037,1038
1038,1037
1039,1040
1040,1039
1041,1019
1041,1361
1042,1043
1042,1044
1043,1042
1044,1042
1045,1046
1046,1045
1046,1090
1046,1091
1047,1048
1048,1047
1051,1052
1052,1051
1053,1054
1054,1053
1054,1055
1055,1054
1056,1057
1056,1058
1056,1059
1056,1060
1056,1061
1057,1056
1058,1056
1059,1056
1060,1056
1060,1062
1061,1056
1061,1062
1062,1060
1062,1061
1063,1064
1064,1063
1065,1066
1066,1065
1072,1073
1073,1072
1074,1075
1075,1074
1075,1076
1076,1075
1078,1079
1079,1078
1085,1032
1086,1087
1086,1088
1086,1089
1087,1086
1087,1088
1088,1086
1088,1087
1089,1086
1090,1046
1091,1046
1092,1093
1093,1092
1094,1095
1095,1094
1096,1102
1097,1102
1098,1102
1099,1102
1100,1102
1101,1102
1102,1096
1102,1097
1102,1098
1102,1099
1102,1100
1102,1101
1105,1106
1105,1107
1105,1108
1105,1109
1106,1105
1106,1109
1106,1110
1106,1111
1106,1112
1107,1105
1108,1105
1109,1105
1109,1106
1110,1106
1111,1106
1112,1106
1113,1114
1114,1113
1115,1116
1116,1115
1117,1118
1117,1119
1118,1117
1118,1133
1118,1134
1118,1137
1118,1138
1118,1139
1119,1117
1120,1121
1120,1122
1121,1120
1122,1120
1123,1124
1124,1123
1126,1127
1127,1126
1131,1132
1132,1131
1133,1118
1134,1118
1137,1118
1138,1118
1139,1118
1140,1141
1140,1142
1141,1140
1142,1140
1143,1144
1144,1143
1146,1147
1147,1146
1147,1148
1147,1164
1148,1147
1154,1019
1155,1156
1156,1155
1158,1007
1160,1166
1162,1163
1163,1162
1164,1147
1166,1160
1167,1168
1167,1294
1168,1167
1169,1170
1170,1169
1170,1361
1172,1173
1173,1172
1174,1175
1174,1179
1174,1180
1175,1174
1176,1177
1177,1176
1177,1188
1178,1300
1179,1174
1180,1174
1181,1182
1181,1183
1181,1184
1181,1185
1181,1186
1181,1187
1182,1181
1183,1181
1184,1181
1185,1181
1186,1181
1187,1181
1188,1177
1188,1189
1188,1190
1189,1188
1190,1188
1191,1192
1192,1191
1193,1194
1194,1193
1194,1202
1194,1203
1194,1204
1194,1217
1194,1269
1194,1297
1195,1196
1195,1248
1196,1195
1197,1198
1198,1197
1198,1199
1199,1198
1200,1201
1200,1286
1201,1200
1202,1194
1203,1194
1204,1194
1205,1206
1205,1207
1205,1208
1206,1205
1207,1205
1208,1205
1209,1210
1210,1209
1210,1211
1211,1210
1212,1213
1213,1212
1214,1215
1215,1214
1217,1194
1217,1223
1217,1269
1217,1287
1219,1220
1220,1219
1223,1217
1223,1224
1224,1223
1225,1226
1226,1225
1227,1228
1228,1227
1229,1230
1230,1229
1235,1236
1235,1448
1236,1235
1237,1238
1238,1237
1238,1293
1239,1240
1240,1239
1241,1242
1242,1241
1243,1244
1243,1245
1244,1243
1245,1243
1247,1031
1248,1195
1249,1250
1250,1249
1250,1251
1251,1250
1252,1253
1253,1252
1255,1256
1255,1257
1256,1255
1257,1255
1260,1261
1261,1260
1262,1263
1263,1262
1263,1267
1265,1266
1266,1265
1267,1263
1268,1269
1268,1270
1269,1194
1269,1217
1269,1268
1269,1286
1269,1290
1269,1292
1269,1293
1269,1294
1269,1297
1269,1313
1269,1314
1269,1321
1269,1322
1269,1329
1269,1333
1269,1334
1269,1338
1269,1341
1269,1342
1269,1343
1269,1351
1269,1352
1269,1356
1269,1404
1270,1268
1271,1272
1272,1271
1272,1273
1273,1272
1274,1275
1274,1276
1275,1274
1275,1276
1276,1274
1276,1275
1277,1278
1278,1277
1279,1280
1279,1306
1279,1307
1279,1427
1279,1453
1280,1279
1281,1282
1282,1281
1282,1295
1282,1296
1283,1284
1284,1283
1285,1286
1285,1287
1286,1200
1286,1269
1286,1285
1286,1297
1287,1217
1287,1285
1288,1289
1289,1288
1289,1330
1289,1416
1290,1269
1290,1291
1291,1290
1292,1269
1293,1238
1293,1269
1294,1167
1294,1269
1295,1282
1296,1282
1297,1194
1297,1269
1297,1286
1298,1299
1299,1298
1300,1178
1305,1306
1306,1279
1306,1305
1307,1279
1307,1308
1308,1307
1313,1269
1314,1269
1315,1316
1316,1315
1317,1318
1318,1317
1319,1320
1320,1319
1321,1269
1322,1269
1322,1323
1322,1324
1322,1325
1323,1322
1324,1322
1325,1322
1326,1327
1326,1328
1327,1326
1328,1326
1329,1269
1330,1289
1331,1332
1332,1331
1333,1269
1334,1269
1336,1337
1337,1336
1338,1269
1338,1339
1338,1340
1339,1338
1340,1338
1341,1269
1342,1269
1343,1269
1344,1345
1344,1346
1345,1344
1346,1344
1347,1348
1348,1347
1349,1350
1350,1349
1351,1269
1351,1355
1352,1269
1353,1354
1353,1355
1354,1353
1355,1351
1355,1353
1356,1269
1357,1358
1357,1359
1358,1357
1358,1359
1359,1357
1359,1358
1359,1360
1360,1359
1361,1041
1361,1170
1361,1362
1361,1363
1361,1364
1361,1365
1361,1366
1361,1367
1361,1368
1361,1369
1361,1370
1361,1371
1361,1372
1361,1373
1361,1374
1361,1375
1361,1376
1361,1377
1361,1378
1361,1379
1361,1380
1361,1381
1361,1382
1361,1383
1361,1384
1361,1385
1361,1386
1361,1387
1361,1388
1361,1389
1361,1390
1361,1391
1361,1392
1361,1393
1361,1394
1361,1395
1361,1396
1361,1397
1361,1398
1361,1399
1361,1400
1361,1401
1361,1402
1361,1403
1362,1361
1363,1361
1364,1361
1365,1361
1366,1361
1367,1361
1368,1361
1369,1361
1370,1361
1371,1361
1372,1361
1373,1361
1374,1361
1375,1361
1376,1361
1377,1361
1378,1361
1379,1361
1380,1361
1381,1361
1382,1361
1383,1361
1384,1361
1385,1361
1386,1361
1387,1361
1388,1361
1389,1361
1390,1361
1391,1361
1392,1361
1393,1361
1394,1361
1395,1361
1396,1361
1397,1361
1398,1361
1399,1361
1400,1361
1401,1361
1402,1361
1403,1361
1404,1269
1407,1007
1408,1409
1409,1408
1410,1411
1411,1410
1413,1414
1414,1413
1416,1289
1417,1418
1418,1417
1420,1421
1420,1432
1420,1433
1421,1420
1421,1432
1421,1433
1421,1434
1424,1425
1425,1424
1426,1427
1427,1279
1427,1426
1429,1430
1430,1429
1432,1420
1432,1421
1433,1420
1433,1421
1434,1421
1435,1436
1435,1437
1435,1438
1435,1439
1435,1440
1435,1441
1435,1442
1436,1435
1436,1439
1436,1442
1436,1443
1437,1435
1438,1435
1439,1435
1439,1436
1439,1440
1439,1442
1440,1435
1440,1439
1440,1442
1441,1435
1442,1435
1442,1436
1442,1439
1442,1440
1443,1436
1445,1446
1446,1445
1448,1235
1449,1450
1450,1449
1450,1451
1451,1450
1453,1279
1453,1454
1454,1453
