1745
6196
0,1
0,2
1,0
1,2
2,0
2,1
3,4
3,5
3,6
3,8
4,3
4,5
5,3
5,4
6,3
7,8
8,3
8,7
8,9
9,8
10,8
11,8
12,8
13,8
14,8
15,8
16,3
16,7
16,8
16,9
17,3
17,8
17,9
18,3
18,6
18,8
19,3
20,3
20,8
22,8
28,8
29,4
29,5
30,3
30,4
30,5
31,3
3,16
3,17
3,18
3,19
3,20
32,3
3,30
3,31
3,32
3,33
33,3
3,42
3,47
3,63
38,8
42,3
4,29
4,30
4,49
47,3
48,6
49,4
49,5
5,29
5,30
5,49
6,18
63,3
6,48
69,7
69,9
7,16
71,9
72,9
7,69
78,8
79,8
80,8
8,10
8,11
8,12
8,13
8,14
8,15
8,16
8,17
8,18
81,8
8,20
8,22
8,28
82,8
8,38
83,8
84,8
85,8
86,8
8,78
8,79
8,80
8,81
8,82
8,83
8,84
8,85
8,86
9,16
9,17
9,69
9,71
9,72
98,9
9,98
100,9
10,16
10,17
103,9
10,69
107,9
108,9
111,4
11,16
11,69
124,4
125,4
129,4
129,5
13,16
13,17
0,1363
0,1367
0,1368
13,69
13,71
13,98
142,7
142,9
146,7
14,69
146,9
1,496
1,497
16,10
16,11
16,13
16,18
16,20
16,29
16,55
16,69
16,72
16,78
16,99
17,10
17,13
17,18
17,20
17,38
17,78
17,99
18,16
18,17
181,7
181,9
18,36
18,37
18,42
18,47
18,48
19,36
20,16
20,17
20,21
20,22
20,38
20,39
20,47
20,55
20,56
20,57
20,59
20,63
20,65
21,20
22,20
22,23
22,24
22,25
22,26
22,27
22,39
22,55
22,57
22,59
22,65
23,22
23,28
24,22
24,28
25,22
25,28
26,22
26,28
27,22
27,28
28,23
28,24
28,25
28,26
28,27
29,16
29,30
29,33
29,48
29,49
29,55
29,65
29,66
29,74
30,29
30,48
30,49
315,4
33,29
33,49
34,35
35,34
35,51
356,9
36,18
36,19
37,18
38,17
38,20
39,20
39,22
3,931
39,56
40,41
4,111
4,124
4,125
4,129
41,40
42,18
42,43
42,44
42,45
42,46
42,47
42,48
42,63
4,315
43,42
43,47
44,42
45,42
46,42
46,47
47,18
47,20
47,42
47,43
47,46
47,48
47,63
48,18
48,29
48,30
48,42
48,47
48,49
49,29
49,30
49,33
49,48
49,55
496,1
49,65
497,1
50,51
50,52
50,53
50,54
50,68
5,129
51,35
51,50
51,52
51,53
52,50
52,51
52,54
53,50
53,51
54,50
54,52
55,16
55,20
55,22
55,29
55,49
55,56
55,58
55,61
55,62
55,63
55,65
56,20
56,39
56,55
57,20
57,22
58,55
58,59
59,20
59,22
59,58
59,60
59,61
60,59
61,55
61,59
62,55
62,65
63,20
63,42
63,47
63,55
63,64
64,63
65,20
65,22
65,29
65,49
65,55
65,62
65,66
65,67
65,81
66,29
66,65
67,65
67,68
68,50
68,67
69,10
69,11
69,13
69,14
69,16
69,70
69,71
69,72
69,73
69,79
69,98
70,69
71,13
7,142
7,146
71,69
7,181
71,99
72,16
72,69
72,98
73,69
74,29
75,76
75,77
76,75
76,77
77,75
77,76
78,16
78,17
79,69
81,65
87,88
88,87
89,90
89,94
90,89
90,91
90,92
90,93
90,94
90,96
90,97
9,100
9,103
9,107
9,108
9,142
9,146
9,181
91,90
91,92
92,90
92,91
931,3
9,356
93,90
93,95
93,96
94,89
94,90
95,93
96,90
96,93
96,97
97,90
97,96
98,13
98,69
98,72
98,99
99,16
99,17
99,71
99,98
100,16
100,17
100,69
100,70
100,71
100,98
10,103
101,17
101,69
1017,9
102,14
103,10
103,13
103,14
103,99
104,16
1050,9
1051,9
105,69
106,69
107,13
107,14
1078,9
107,99
1080,9
108,13
1081,9
1082,9
1083,9
1084,9
1085,9
1086,9
1088,9
108,99
109,16
1091,9
1092,9
109,49
1095,9
109,65
1098,9
1099,9
1100,9
1101,9
1102,9
1103,9
110,89
110,91
110,92
111,22
111,29
11,142
111,56
111,66
113,51
11,356
1,1358
1,1363
1,1364
114,62
114,64
1147,9
117,55
118,65
118,67
118,72
119,29
120,35
121,50
121,52
121,53
122,50
1225,8
1226,8
123,29
123,49
124,29
124,30
125,30
125,32
125,33
126,29
128,65
129,30
129,44
129,45
129,65
130,49
13,103
13,107
13,108
13,142
13,146
131,49
13,181
132,29
132,34
134,30
134,49
1358,1
1358,2
1363,0
1363,1
1364,1
1367,0
1368,0
137,22
137,65
138,22
138,65
139,22
139,65
140,22
140,65
14,102
14,103
14,107
14,142
14,181
142,11
142,13
142,14
142,69
143,69
144,69
145,16
145,69
146,13
146,69
147,29
147,49
148,29
149,29
150,29
151,65
151,67
152,49
1534,9
154,65
155,79
157,79
160,69
16,100
16,104
16,109
16,145
17,100
17,101
180,40
181,13
181,14
181,69
181,99
182,69
182,79
183,79
187,85
2,1358
217,58
22,111
22,137
22,138
22,139
22,140
224,98
22,931
230,58
232,58
235,65
235,98
243,77
245,79
286,87
29,111
29,119
29,123
29,124
29,126
29,132
29,147
29,148
29,149
29,150
29,788
30,124
30,125
30,129
30,134
30,314
30,315
30,316
314,30
315,30
315,32
315,33
316,30
317,77
32,125
322,65
322,67
32,315
323,65
323,67
33,125
33,315
34,132
34,425
34,559
34,560
35,120
356,11
35,636
35,637
35,638
356,69
365,65
366,65
367,65
367,72
367,73
40,180
409,94
422,65
425,34
426,75
426,77
427,75
44,129
45,129
49,109
49,123
49,130
49,131
49,134
49,147
49,152
499,75
500,75
50,121
50,122
501,75
502,75
503,75
504,75
505,75
506,75
507,75
508,75
509,75
510,75
51,113
511,75
512,75
513,75
514,75
515,75
516,75
517,75
518,75
519,75
520,75
52,121
521,75
522,75
523,75
524,75
525,75
526,75
527,75
528,75
529,75
530,75
53,121
531,75
532,75
533,75
534,75
535,76
536,77
537,77
538,77
539,77
540,77
541,77
542,77
543,77
544,77
545,77
546,77
547,77
548,77
549,77
550,77
55,117
551,77
552,77
553,77
554,77
555,77
556,77
557,77
558,77
559,34
560,34
56,111
58,217
58,230
58,232
62,114
636,35
636,98
637,35
637,98
638,35
638,98
64,114
65,109
65,118
65,128
65,129
65,137
65,138
65,139
65,140
65,151
65,154
65,235
65,322
65,323
65,365
65,366
65,367
65,422
65,939
65,976
65,992
66,111
66,714
67,118
67,151
67,322
67,323
69,100
69,101
69,105
69,106
69,142
69,143
69,144
69,145
69,146
69,160
69,181
69,182
69,356
69,908
69,920
69,921
70,100
71,100
714,66
72,118
72,367
73,367
748,78
748,94
748,95
75,426
75,427
75,499
75,500
75,501
75,502
75,503
75,504
75,505
75,506
75,507
75,508
75,509
75,510
75,511
75,512
75,513
75,514
75,515
75,516
75,517
75,518
75,519
75,520
75,521
75,522
75,523
75,524
75,525
75,526
75,527
75,528
75,529
75,530
75,531
75,532
75,533
75,534
76,535
77,243
77,317
773,78
773,94
77,426
77,536
77,537
77,538
77,539
77,540
77,541
77,542
77,543
77,544
77,545
77,546
77,547
77,548
77,549
77,550
77,551
77,552
77,553
77,554
77,555
77,556
77,557
77,558
78,748
78,773
788,29
79,155
79,157
79,182
79,183
79,245
8,1225
8,1226
85,187
87,286
89,110
908,69
9,1017
9,1050
9,1051
9,1078
9,1080
9,1081
9,1082
9,1083
9,1084
9,1085
9,1086
9,1088
9,1091
9,1092
9,1095
9,1098
9,1099
9,1100
9,1101
9,1102
9,1103
91,110
9,1147
9,1534
920,69
92,110
921,69
931,22
939,65
939,98
94,409
94,748
94,773
95,748
976,65
98,100
98,224
98,235
98,636
98,637
98,638
98,939
99,103
99,107
99,108
99,181
992,65
100,103
100,107
100,142
100,146
100,160
100,181
100,241
100,356
100,413
100,561
100,726
10,1100
101,102
101,103
101,107
101,142
1017,13
102,101
103,100
103,101
103,104
103,105
103,106
104,103
104,142
104,146
105,103
1054,72
1059,69
106,103
106,107
1061,69
1067,69
1067,72
107,100
107,101
107,106
1076,69
1076,72
1076,88
1078,13
1082,13
1082,14
1083,11
1083,13
1083,14
1083,69
1092,11
1092,13
1092,14
1092,69
1098,11
1098,13
1098,14
1098,99
1100,10
1100,11
1100,13
1100,69
1100,99
1101,11
1101,13
1101,69
1102,13
1102,69
1103,13
1103,14
1103,99
110,409
1105,16
1106,16
11,1083
11,1092
11,1098
11,1100
11,1101
111,112
11,1147
1112,50
1112,51
1112,52
1112,53
1112,68
112,111
1124,29
1136,70
1136,71
1137,70
1137,71
114,115
114,116
1147,11
1149,54
1150,54
1150,68
115,114
116,114
1167,50
1168,51
1168,52
1168,68
1175,50
1179,72
1180,69
118,365
118,366
118,367
118,422
121,122
122,121
1225,17
1226,17
123,454
123,455
1237,56
1238,56
123,984
125,353
125,354
125,355
125,356
126,127
127,126
128,129
129,128
129,137
129,141
1295,69
1298,40
1300,40
130,131
13,1017
13,1078
13,1082
13,1083
13,1092
13,1098
13,1100
13,1101
13,1102
13,1103
131,130
13,1534
132,133
132,243
1323,62
132,564
132,565
133,132
133,244
133,265
133,559
133,587
133,593
133,594
133,605
133,990
133,991
134,353
134,354
134,355
134,356
135,136
136,135
136,335
136,880
137,129
137,138
137,139
137,140
137,365
137,422
138,137
138,139
138,140
138,365
138,422
139,137
139,138
139,140
139,365
139,422
140,137
140,138
140,139
140,365
140,422
14,1082
14,1083
14,1092
14,1098
14,1103
141,129
1411,90
14,1534
142,100
142,101
142,104
142,144
144,142
145,181
146,100
146,104
146,160
146,235
146,307
146,867
146,944
147,199
147,400
147,402
147,424
149,150
150,149
152,153
153,152
1534,13
1534,14
155,156
155,157
155,182
155,183
155,245
155,366
155,367
155,640
155,908
156,155
156,157
156,181
156,182
156,183
156,640
156,888
156,891
156,893
156,908
156,918
157,155
157,156
157,181
157,182
157,183
157,245
157,640
157,908
158,159
159,158
160,100
160,146
16,1105
16,1106
161,162
161,163
161,164
161,165
1613,82
162,161
162,219
163,161
164,161
165,161
1657,24
1660,24
166,167
167,166
168,169
168,170
168,171
168,172
168,173
168,174
168,175
169,168
170,168
170,186
170,187
170,281
170,306
170,309
171,168
17,1225
17,1226
172,168
172,281
173,168
174,168
175,168
175,306
176,177
177,176
178,179
179,178
179,180
179,233
179,234
179,461
179,475
179,660
179,661
179,662
179,663
179,664
179,665
179,666
179,667
179,668
179,669
179,670
179,671
179,672
179,673
179,674
179,675
179,676
179,677
179,678
179,679
179,680
179,681
179,685
179,690
179,716
179,717
179,718
179,809
179,811
179,812
179,813
179,814
179,817
179,906
179,907
179,911
179,949
179,950
179,951
179,952
179,953
179,954
179,955
179,988
180,179
180,424
180,884
181,100
181,145
181,156
181,157
181,182
181,183
182,155
182,156
182,157
182,181
182,183
182,245
182,366
182,367
182,640
182,888
182,893
182,908
183,155
183,156
183,157
183,181
183,182
183,366
183,640
183,888
183,891
183,893
184,185
184,326
185,184
186,170
186,187
186,222
186,358
186,359
186,542
186,883
187,170
187,186
187,222
187,284
187,285
188,189
188,193
188,194
189,188
189,190
189,191
189,192
190,189
191,189
192,189
193,188
194,188
195,196
195,219
195,228
195,236
195,710
195,730
195,932
195,934
196,195
197,198
198,197
198,251
198,992
199,147
199,200
199,264
199,746
199,747
199,761
199,849
200,199
201,202
202,201
203,204
203,205
203,864
203,865
203,866
203,869
203,940
203,941
204,203
205,203
206,207
207,206
207,857
208,209
208,210
208,211
208,212
208,213
209,208
210,208
211,208
212,208
213,208
214,215
214,216
215,214
216,214
217,297
217,298
217,334
217,338
217,339
217,340
217,365
217,422
218,219
218,368
219,162
219,195
219,218
219,467
219,662
219,935
220,221
221,220
222,186
222,187
222,284
222,285
222,341
222,431
222,874
223,224
223,948
224,223
225,226
226,225
227,228
227,252
227,253
227,254
227,255
227,257
227,258
227,854
227,860
228,195
228,227
228,320
228,937
228,938
228,995
229,230
229,232
230,229
230,231
230,232
230,304
231,230
231,232
231,304
232,229
232,230
232,231
233,179
233,234
233,660
233,661
233,664
233,670
233,671
233,680
233,681
233,685
233,690
233,715
233,813
233,906
234,179
234,233
234,461
234,661
234,666
234,669
234,673
234,690
234,691
234,716
234,718
235,146
236,195
236,933
236,935
236,937
236,938
236,995
236,996
236,997
236,998
237,238
237,239
238,237
238,240
239,237
240,238
241,100
241,242
241,246
241,411
241,412
24,1657
24,1660
241,972
241,973
241,983
242,241
243,132
243,244
244,133
244,243
244,426
244,427
244,561
244,562
244,563
245,155
245,157
245,182
245,366
245,640
245,893
246,241
246,247
246,411
246,412
246,413
246,414
246,415
246,963
247,246
247,248
248,247
250,251
250,692
251,198
251,250
251,649
251,978
252,227
252,253
252,254
252,255
252,256
252,257
252,258
252,259
252,260
252,261
252,262
252,263
253,227
253,252
253,254
253,255
253,256
253,257
253,258
253,260
253,854
253,860
254,227
254,252
254,253
254,255
254,256
254,257
254,258
254,259
254,260
254,854
254,860
254,903
255,227
255,252
255,253
255,254
255,256
255,257
255,258
255,259
255,260
255,903
256,252
256,253
256,254
256,255
256,258
256,259
256,855
256,985
256,986
257,227
257,252
257,253
257,254
257,255
257,258
257,261
257,855
258,227
258,252
258,253
258,254
258,255
258,256
258,257
258,259
258,261
258,903
259,252
259,254
259,255
259,256
259,258
260,252
260,253
260,254
260,255
261,252
261,257
261,258
261,421
262,252
263,252
263,628
264,199
265,133
265,266
265,426
265,468
265,469
265,470
265,471
266,265
266,468
266,979
267,268
267,269
267,629
268,267
268,270
269,267
270,268
271,272
271,273
272,271
272,273
273,271
273,272
274,275
275,274
277,278
277,279
277,280
278,277
278,462
279,277
279,969
280,277
280,343
280,821
281,170
281,172
281,282
281,283
281,309
282,281
283,281
283,309
283,442
284,187
284,222
284,285
285,187
285,222
285,284
285,431
286,287
286,288
286,321
287,286
288,286
289,290
290,289
29,1124
291,292
291,293
291,294
291,928
291,929
292,291
292,541
292,927
293,291
293,541
293,927
293,929
294,291
294,541
294,927
295,296
296,295
297,217
297,298
297,334
297,335
297,338
297,339
298,217
298,297
299,300
299,461
299,993
299,994
300,299
301,302
302,301
303,304
304,230
304,231
304,303
304,305
305,304
306,170
306,175
307,146
307,308
307,362
307,363
308,307
309,170
309,281
309,283
309,650
310,311
310,792
310,793
311,310
312,313
313,312
317,987
318,319
319,318
320,228
320,321
320,570
321,286
321,320
321,977
324,325
324,326
325,324
325,326
326,184
326,324
326,325
326,327
326,330
326,331
327,326
327,364
328,329
328,394
329,328
330,326
331,326
331,654
331,658
332,333
333,332
334,217
334,297
334,335
334,338
334,339
334,340
334,420
334,880
335,136
335,297
335,334
335,338
336,337
337,336
338,217
338,297
338,334
338,335
338,339
338,340
339,217
339,297
339,334
339,338
339,340
340,217
340,334
340,338
340,339
341,222
341,989
343,280
343,344
343,345
343,346
344,343
345,343
345,957
346,343
347,348
348,347
349,350
349,628
350,349
350,351
350,352
350,692
350,702
350,704
350,705
350,706
350,707
350,708
351,350
352,350
353,125
353,134
353,357
354,125
354,134
355,125
355,134
356,100
356,125
356,134
357,353
358,186
358,883
359,186
361,362
361,363
362,307
362,361
362,363
363,307
363,361
363,362
364,327
365,118
365,137
365,138
365,139
365,140
365,217
365,366
365,367
365,423
365,983
366,118
366,155
366,182
366,183
366,245
366,365
366,367
366,642
366,738
366,739
366,893
366,918
366,919
367,118
367,155
367,182
367,365
367,366
367,422
367,983
368,218
369,370
370,369
371,372
372,371
373,374
373,375
373,376
373,377
373,378
373,379
373,380
373,381
374,373
375,373
376,373
377,373
378,373
379,373
380,373
381,373
384,385
385,384
386,387
386,388
386,389
386,390
387,386
387,391
387,392
387,393
388,386
388,391
389,386
389,391
390,386
390,391
390,392
390,393
391,387
391,388
391,389
391,390
392,387
392,390
393,387
393,390
394,328
394,395
394,396
394,397
394,398
394,399
395,394
396,394
397,394
398,394
399,394
400,147
400,401
40,1298
40,1300
401,400
401,402
402,147
402,401
403,404
403,405
403,406
403,407
404,403
405,403
406,403
407,403
408,409
409,110
409,408
409,410
409,744
410,409
411,241
411,246
411,963
411,972
411,973
412,241
412,246
412,413
412,963
412,972
412,973
413,100
413,246
413,412
413,973
413,983
414,246
415,246
415,541
416,417
417,416
417,492
417,494
417,495
417,601
418,419
419,418
420,334
421,261
422,118
422,137
422,138
422,139
422,140
422,217
422,367
422,983
423,365
424,147
424,180
424,833
425,426
425,427
426,244
426,265
426,425
426,559
426,566
426,587
426,594
426,605
426,609
426,614
426,991
427,244
427,425
427,559
427,566
427,587
427,593
427,594
427,605
428,429
428,430
429,428
430,428
431,222
431,285
432,433
432,434
432,435
432,436
433,432
433,437
434,432
434,437
435,432
435,437
436,432
436,437
437,433
437,434
437,435
437,436
438,439
439,438
439,866
439,940
439,941
440,441
441,440
442,283
443,444
443,445
443,446
443,447
443,448
443,450
444,443
445,443
445,449
446,443
447,443
448,443
449,445
450,443
451,452
452,451
454,123
454,719
454,984
455,123
455,719
455,981
455,984
456,457
457,456
458,459
459,458
459,460
460,459
461,179
461,234
461,299
461,664
461,670
461,673
461,685
461,911
461,993
462,278
462,463
463,462
464,465
464,466
464,467
465,464
466,464
467,219
467,464
468,265
468,266
469,265
470,265
471,265
472,473
473,472
474,475
475,179
475,474
475,476
475,679
476,475
477,478
477,479
477,480
477,481
478,477
478,482
478,483
479,477
479,482
479,483
480,477
480,482
480,483
481,477
481,482
481,483
482,478
482,479
482,480
482,481
483,478
483,479
483,480
483,481
483,484
483,485
483,486
484,483
485,483
486,483
487,488
488,487
489,490
489,491
490,489
490,491
491,489
491,490
491,699
491,700
491,701
492,417
492,493
493,492
493,494
493,495
494,417
494,493
495,417
495,493
496,498
498,496
50,1112
50,1167
50,1175
503,566
51,1112
51,1168
517,934
52,1112
52,1168
524,719
53,1112
54,1149
54,1150
541,292
541,293
541,294
541,415
541,927
541,928
541,929
542,186
548,719
550,583
559,133
559,426
559,427
559,600
559,601
559,602
559,603
559,604
561,100
56,1237
56,1238
561,244
562,244
563,244
564,132
564,599
565,132
566,426
566,427
566,503
566,567
566,568
566,569
566,570
566,571
566,572
566,573
566,574
566,575
566,576
566,577
566,578
566,579
566,580
566,581
566,582
567,566
567,804
568,566
569,566
570,320
570,566
571,566
572,566
573,566
574,566
575,566
576,566
576,587
577,566
578,566
578,587
578,594
578,596
578,599
579,566
580,566
581,566
582,566
583,550
583,584
583,585
583,586
584,583
584,587
584,596
585,583
586,583
587,133
587,426
587,427
587,576
587,578
587,584
587,588
587,589
587,590
587,591
587,592
588,587
589,587
590,587
591,587
592,587
592,614
593,133
593,427
594,133
594,426
594,427
594,578
594,595
595,594
596,578
596,584
596,597
596,598
597,596
598,596
599,564
599,578
600,559
601,417
601,559
601,614
601,787
602,559
603,559
604,559
605,133
605,426
605,427
605,606
605,607
605,608
606,605
607,605
608,605
609,426
609,610
609,611
609,612
609,613
610,609
611,609
612,609
613,609
614,426
614,592
614,601
614,615
614,616
614,617
614,618
614,619
614,620
614,621
614,622
614,623
614,624
614,625
614,626
614,627
615,614
616,614
617,614
618,614
619,614
620,614
62,1323
621,614
622,614
623,614
624,614
625,614
626,614
627,614
628,263
628,349
628,629
628,630
628,631
628,632
628,633
628,634
628,635
628,773
629,267
629,628
630,628
631,628
632,628
633,628
634,628
635,628
640,155
640,156
640,157
640,182
640,183
640,245
640,888
640,889
640,892
641,642
641,643
642,366
642,641
643,641
644,645
644,646
644,647
644,648
645,644
645,647
646,644
646,647
647,644
647,645
647,646
648,644
649,251
650,309
650,651
650,652
650,653
651,650
651,653
652,650
653,650
653,651
654,331
654,655
654,656
654,657
655,654
656,654
657,654
657,658
658,331
658,657
658,659
659,658
660,179
660,233
660,664
660,666
660,670
660,671
660,673
660,679
660,680
660,681
660,685
660,688
660,689
660,690
660,716
660,718
660,812
660,813
660,906
661,179
661,233
661,234
661,664
661,666
661,670
661,671
661,673
661,679
661,680
661,681
661,685
661,690
661,716
661,717
661,718
661,812
661,813
661,906
661,907
661,988
662,179
662,219
663,179
664,179
664,233
664,461
664,660
664,661
664,666
664,673
664,679
664,680
664,690
664,718
664,988
665,179
666,179
666,234
666,660
666,661
666,664
666,669
666,670
666,671
666,679
666,680
666,681
666,690
666,715
666,906
666,911
667,179
668,179
669,179
669,234
669,666
669,670
669,671
669,679
669,680
669,681
669,716
669,718
669,813
669,911
670,179
670,233
670,461
670,660
670,661
670,666
670,669
670,673
670,679
670,680
670,685
670,687
670,690
670,716
670,717
670,718
670,906
670,907
670,988
671,179
671,233
671,660
671,661
671,666
671,669
671,673
671,679
671,680
671,685
671,687
671,690
671,716
671,717
671,718
671,907
671,988
672,179
673,179
673,234
673,461
673,660
673,661
673,664
673,670
673,671
673,679
673,680
673,681
673,685
673,687
673,690
673,715
673,813
673,814
673,906
673,907
673,911
674,179
675,179
675,679
676,179
677,179
678,179
679,179
679,475
679,660
679,661
679,664
679,666
679,669
679,670
679,671
679,673
679,675
679,680
679,681
679,685
679,687
679,690
679,717
679,718
679,813
679,814
679,817
679,906
679,911
679,949
679,988
680,179
680,233
680,660
680,661
680,664
680,666
680,669
680,670
680,671
680,673
680,679
680,681
680,682
680,683
680,684
680,685
680,716
680,717
680,718
680,988
68,1112
68,1150
68,1168
681,179
681,233
681,660
681,661
681,666
681,669
681,673
681,679
681,680
681,685
681,687
681,690
681,716
681,717
681,718
681,906
681,907
681,988
682,680
683,680
684,680
685,179
685,233
685,461
685,660
685,661
685,670
685,671
685,673
685,679
685,680
685,681
685,686
685,687
685,690
685,717
685,813
685,906
685,907
686,685
687,670
687,671
687,673
687,679
687,681
687,685
687,813
688,660
689,660
690,179
690,233
690,234
690,660
690,661
690,664
690,666
690,670
690,671
690,673
690,679
690,681
690,685
690,716
690,717
690,813
690,814
690,816
690,817
690,911
69,1059
69,1061
69,1067
69,1076
69,1083
69,1092
69,1100
69,1101
69,1102
69,1180
691,234
69,1295
692,250
692,350
693,694
694,693
695,696
696,695
697,698
698,697
699,491
699,701
700,491
700,701
70,1136
70,1137
701,491
701,699
701,700
702,350
702,703
703,702
704,350
705,350
706,350
707,350
708,350
709,710
710,195
710,709
710,936
710,937
710,938
710,995
710,996
710,997
710,998
71,1136
71,1137
711,712
711,713
712,711
713,711
715,233
715,666
715,673
715,716
715,717
715,718
716,179
716,234
716,660
716,661
716,669
716,670
716,671
716,680
716,681
716,690
716,715
716,813
716,906
717,179
717,661
717,670
717,671
717,679
717,680
717,681
717,685
717,690
717,715
717,906
717,911
718,179
718,234
718,660
718,661
718,664
718,669
718,670
718,671
718,679
718,680
718,681
718,715
718,813
718,906
718,911
719,454
719,455
719,524
719,548
719,720
719,721
719,722
719,723
719,724
719,725
720,719
72,1054
72,1067
72,1076
72,1179
721,719
722,719
723,719
724,719
725,719
726,100
726,727
727,726
728,729
729,728
730,195
730,731
731,730
732,733
732,734
733,732
733,912
733,993
734,732
734,922
736,737
737,736
738,366
739,366
740,741
741,740
741,742
742,741
743,744
744,409
744,743
744,745
745,744
746,199
747,199
748,749
748,750
748,751
748,752
748,753
748,754
748,755
748,756
748,757
748,758
748,759
748,760
748,761
748,762
748,763
748,764
748,765
748,766
748,767
748,768
748,769
748,770
748,771
748,772
749,748
749,773
750,748
751,748
751,773
752,748
753,748
754,748
754,773
755,748
756,748
757,748
757,773
758,748
759,748
760,748
761,199
761,748
761,773
762,748
762,773
763,748
764,748
765,748
766,748
767,748
768,748
768,773
769,748
770,748
771,748
772,748
773,628
773,749
773,751
773,754
773,757
773,761
773,762
773,768
773,774
773,775
773,776
773,777
773,778
773,779
773,780
773,781
773,782
773,783
773,784
773,785
773,786
774,773
775,773
776,773
777,773
778,773
779,773
780,773
781,773
782,773
783,773
784,773
785,773
786,773
787,601
789,790
789,791
790,789
791,789
792,310
793,310
794,795
795,794
796,797
797,796
797,818
797,820
797,822
797,831
798,799
798,800
799,798
799,800
799,801
799,802
799,803
800,798
800,799
801,799
801,862
802,799
803,799
804,567
804,805
804,807
804,808
805,804
805,806
805,964
806,805
807,804
808,804
809,179
809,810
809,813
809,814
809,815
809,816
809,817
810,809
810,811
810,812
811,179
811,810
811,814
811,815
811,816
811,817
812,179
812,660
812,661
812,810
812,813
812,814
812,815
812,816
812,817
813,179
813,233
813,660
813,661
813,669
813,673
813,679
813,685
813,687
813,690
813,716
813,718
813,809
813,812
813,906
813,907
814,179
814,673
814,679
814,690
814,809
814,811
814,812
814,906
814,911
815,809
815,811
815,812
816,690
816,809
816,811
816,812
817,179
817,679
817,690
817,809
817,811
817,812
818,797
820,797
821,280
82,1613
821,969
822,797
823,824
824,823
824,825
824,826
824,827
824,828
824,829
824,830
825,824
826,824
827,824
828,824
829,824
830,824
831,797
833,424
834,835
835,834
836,837
837,836
838,839
839,838
840,841
841,840
842,843
843,842
843,848
844,845
845,844
845,846
845,847
846,845
846,847
847,845
847,846
848,843
849,199
850,851
851,850
851,852
851,853
852,851
852,853
852,923
853,851
853,852
854,227
854,253
854,254
854,855
855,256
855,257
855,854
855,860
855,903
855,985
856,857
856,858
856,859
857,207
857,856
858,856
859,856
860,227
860,253
860,254
860,855
862,801
862,863
863,862
864,203
864,865
864,940
864,948
865,203
865,864
865,866
865,940
866,203
866,439
866,865
866,869
866,940
867,146
868,869
868,870
868,871
869,203
869,866
869,868
869,940
869,941
870,868
871,868
872,873
873,872
874,222
874,875
875,874
876,877
877,876
878,879
879,878
880,136
880,334
88,1076
881,882
881,931
882,881
883,186
883,358
884,180
885,886
886,885
888,156
888,182
888,183
888,640
888,889
888,890
888,891
888,892
888,893
889,640
889,888
889,891
889,892
890,888
891,156
891,183
891,888
891,889
891,892
892,640
892,888
892,889
892,891
893,156
893,182
893,183
893,245
893,366
893,888
893,908
894,895
895,894
896,897
896,898
896,899
897,896
897,898
897,899
898,896
898,897
898,899
899,896
899,897
899,898
900,901
90,1411
901,900
901,902
902,901
903,254
903,255
903,258
903,855
903,986
904,905
905,904
906,179
906,233
906,660
906,661
906,666
906,670
906,673
906,679
906,681
906,685
906,716
906,717
906,718
906,813
906,814
906,988
907,179
907,661
907,670
907,671
907,673
907,681
907,685
907,813
907,911
908,155
908,156
908,157
908,182
908,893
911,179
911,461
911,666
911,669
911,673
911,679
911,690
911,717
911,718
911,814
911,907
911,988
912,733
913,914
913,917
914,913
917,913
918,156
918,366
918,919
919,366
919,918
922,734
923,852
925,926
926,925
927,292
927,293
927,294
927,541
927,928
927,929
928,291
928,541
928,927
929,291
929,293
929,541
929,927
930,931
931,881
931,930
931,966
931,967
931,968
932,195
932,933
932,995
933,236
933,932
934,195
934,517
934,935
934,936
934,937
934,995
934,997
934,998
934,999
935,219
935,236
935,934
936,710
936,934
937,228
937,236
937,710
937,934
938,228
938,236
938,710
940,203
940,439
940,864
940,865
940,866
940,869
940,941
940,948
941,203
941,439
941,869
941,940
941,948
942,943
942,946
942,947
943,942
943,945
944,146
945,943
945,946
946,942
946,945
947,942
948,223
948,864
948,940
948,941
949,179
949,679
950,179
951,179
952,179
953,179
954,179
955,179
957,345
957,958
958,957
959,960
959,961
960,959
961,959
963,246
963,411
963,412
963,983
964,805
964,965
965,964
966,931
967,931
968,931
969,279
969,821
970,971
971,970
972,241
972,411
972,412
973,241
973,411
973,412
973,413
974,975
975,974
977,321
978,251
979,266
980,981
981,455
981,980
981,982
982,981
983,241
983,365
983,367
983,413
983,422
983,963
984,123
984,454
984,455
985,256
985,855
986,256
986,903
987,317
988,179
988,661
988,664
988,670
988,671
988,679
988,680
988,681
988,906
988,911
989,341
990,133
99,1098
99,1100
99,1103
991,133
991,426
992,198
993,299
993,461
993,733
993,994
994,299
994,993
995,228
995,236
995,710
995,932
995,934
996,236
996,710
997,236
997,710
997,934
998,236
998,710
998,934
999,934
100,1016
100,1017
100,1018
100,1019
100,1020
100,1021
100,1022
100,1023
100,1050
100,1051
100,1077
100,1078
100,1079
100,1080
100,1081
100,1082
100,1083
100,1084
100,1085
100,1086
100,1087
100,1088
100,1089
100,1090
100,1091
100,1092
100,1093
100,1094
100,1095
100,1096
100,1097
100,1098
100,1100
100,1101
100,1102
100,1103
100,1140
100,1147
100,1295
100,1534
100,1743
1003,365
1004,133
1004,426
1004,427
1005,995
1006,228
1006,710
1007,228
1007,710
101,1534
1012,429
1013,222
1013,874
1016,100
1016,241
1016,413
1017,100
1018,100
1019,100
1020,100
1021,100
1022,100
1023,100
1024,439
1024,869
1024,941
1025,439
1025,866
1025,869
1025,940
1025,941
1026,940
1027,208
1028,208
1029,208
1033,278
1034,278
1035,279
1035,821
1035,969
1036,280
1037,280
1039,279
1039,821
1040,180
104,1082
104,1098
104,1100
104,1103
1041,180
104,1534
1046,170
1046,409
1047,685
1047,911
1048,179
1048,461
1048,680
1048,906
1049,179
1049,660
1049,685
1049,690
1050,100
1050,160
1050,307
1051,100
105,1534
1052,151
1053,195
1053,935
1058,400
1058,402
1058,491
1059,179
1059,461
1059,664
1060,179
1060,669
1060,679
1060,680
1060,690
1060,718
1060,906
1060,907
106,1534
1062,730
1063,720
1064,279
1064,821
1067,751
1067,908
1068,349
1069,349
1070,349
1071,349
1072,931
1073,909
1073,910
1073,931
1074,221
1075,429
1075,463
1076,146
1077,100
1078,100
1079,100
1080,100
1081,100
1082,100
1082,104
1082,145
1083,100
1084,100
1085,100
1086,100
1087,100
1088,100
1089,100
1090,100
1091,100
1092,100
1093,100
1094,100
1095,100
1096,100
1097,100
1098,100
1098,104
1098,145
1100,100
1100,104
1100,145
1101,100
1101,145
110,1655
1102,100
1103,100
1103,104
1103,145
1107,679
1107,690
1108,568
1112,121
1112,122
1114,219
1120,286
1121,866
1121,869
1121,941
1122,866
1122,941
1123,866
1123,941
1124,146
1125,695
1125,803
1138,179
1139,228
1139,710
1140,100
1147,100
1148,993
115,1323
1158,751
1160,284
1161,175
1168,122
117,1256
1174,146
1178,209
1178,210
1178,211
1178,212
1178,213
1184,943
1188,309
1189,309
1192,850
1202,184
1202,325
1202,326
1203,325
1203,326
1204,180
1205,326
1206,983
1207,983
121,1112
1214,429
1215,429
1218,510
122,1112
122,1168
1221,227
1221,253
1221,254
1221,255
1221,257
1221,258
1221,259
1221,260
1221,261
1221,262
1222,489
1223,160
1223,307
1224,284
1224,365
1224,422
1228,203
1229,203
1229,439
1229,866
1229,869
1229,940
1229,941
1230,170
1233,328
1234,230
1235,866
1235,940
1235,941
1236,940
1239,995
1240,995
1241,430
1241,878
1242,430
1242,878
1244,221
1246,978
1249,222
1250,181
125,1626
1256,117
1260,365
1260,422
1261,365
1261,422
1262,365
1263,365
1263,422
1264,365
1264,422
1265,365
1266,365
1266,422
1267,294
1271,698
1278,799
1278,802
1279,701
1282,517
1282,938
1287,807
1287,965
1292,719
1292,850
1293,719
1293,850
1294,199
1295,100
1319,881
1323,115
1327,995
1328,601
133,1004
1333,136
1333,335
1334,136
1335,136
1336,187
1337,495
1344,209
1344,211
1344,212
1344,213
1345,720
1346,219
1346,236
1347,733
1347,993
1349,342
1350,342
1351,342
1352,342
1353,342
1356,407
1357,407
1359,407
1360,407
136,1333
136,1334
136,1335
1361,407
1362,407
1369,199
1370,265
1375,902
1375,969
1376,878
1380,878
1381,934
1382,284
1385,909
1386,909
1388,426
1389,909
1390,909
1391,909
1392,909
1397,224
1401,187
1402,187
1402,203
1402,439
1402,869
1402,940
1405,291
1405,292
1405,293
1405,294
1405,415
1405,541
1405,927
1405,929
1406,292
1406,294
1406,541
1407,801
1411,761
1413,542
1414,517
1418,601
1418,738
1418,905
1418,981
1425,179
1426,179
1427,417
1428,292
1428,541
1428,927
1428,929
1429,291
1429,541
1429,927
1429,929
1430,927
143,1534
1431,541
1431,927
1432,541
1432,927
1433,292
1433,293
1433,927
1433,929
1434,293
1434,294
1434,415
1434,541
1434,927
1434,929
1435,292
1435,541
1435,927
1435,929
1436,292
1436,293
1436,541
1436,929
1437,929
1438,291
1438,541
1439,292
1439,293
1439,294
1439,928
1439,929
1440,292
1440,293
1440,294
1440,928
1440,929
1442,293
1442,415
1442,541
1442,929
1443,292
1443,293
1443,929
1444,293
1444,541
1444,928
1444,929
1445,292
1445,293
1445,294
1445,929
1446,292
1447,292
1447,928
1448,292
1448,928
1449,292
1450,928
145,1082
145,1098
145,1100
145,1101
145,1103
1451,203
145,1534
1451,866
1451,869
1451,941
1452,203
1453,203
1453,866
1453,869
1453,940
1453,941
1454,866
1455,203
1455,439
1455,866
1455,869
1455,940
1456,866
1457,866
1458,869
146,1076
146,1124
146,1174
1465,440
1468,203
1468,940
1493,203
1493,940
1499,940
1501,940
1502,203
1502,940
1505,429
1506,429
1507,429
1508,429
1509,429
1510,965
151,1052
1515,265
1524,218
1534,100
1534,101
1534,104
1534,105
1534,106
1534,143
1534,145
1538,219
1539,542
1565,219
1568,219
1569,219
1570,219
1571,219
1572,219
1573,219
1574,219
1575,219
1576,219
1577,218
1583,400
1583,402
1589,180
1591,535
1591,875
1594,216
1595,914
1595,960
160,1050
160,1223
1611,168
1617,285
1618,285
1622,454
1622,455
1626,125
1626,315
1627,801
1627,875
1633,309
1638,794
1638,795
1654,409
1655,110
1656,409
1657,311
1658,311
1659,311
1662,510
1663,588
1671,744
1676,308
1676,636
1677,636
1678,180
1679,180
1681,508
168,1611
1681,895
1700,179
1700,233
1700,673
1700,679
1700,690
1700,718
1700,906
170,1046
170,1230
1703,267
1703,629
1704,263
1704,268
1704,629
1705,629
1706,629
1710,179
1710,233
1710,461
1710,660
1710,661
1710,666
1710,669
1710,673
1710,679
1710,680
1710,681
1710,685
1710,690
1710,716
1710,717
1710,718
1710,906
1710,907
1710,988
1711,179
1711,233
1711,669
1711,679
1711,680
1711,690
1711,906
1711,907
1712,179
1712,679
1712,811
1712,812
1712,906
1712,907
1713,179
1713,233
1713,461
1713,660
1713,666
1713,669
1713,679
1713,716
1713,717
1713,718
1714,179
1714,233
1714,660
1714,661
1714,666
1714,669
1714,670
1714,671
1714,673
1714,679
1714,680
1714,681
1714,685
1714,690
1714,716
1714,717
1714,718
1714,813
1714,816
1714,817
1714,906
1714,988
1715,179
1715,669
1715,679
1715,690
1715,906
1716,179
1716,233
1716,673
1716,679
1716,690
1716,906
1717,179
1717,233
1717,673
1717,906
1717,907
1718,179
1718,679
1718,680
1718,690
1718,907
1719,179
1719,233
1719,461
1719,660
1719,673
1719,679
1719,690
1719,716
1719,718
1720,179
1720,233
1720,660
1720,661
1720,666
1720,673
1720,679
1720,680
1720,690
1720,716
1720,717
1720,718
1720,906
1720,907
1720,988
1721,179
1721,233
1721,660
1721,661
1721,666
1721,670
1721,679
1721,685
1721,717
1721,816
1721,817
1722,680
1722,906
1723,179
1723,233
1723,660
1723,661
1723,685
1724,461
1729,233
1729,671
1729,673
1729,685
1730,685
1731,660
1734,899
1735,897
1736,431
1740,801
1741,386
1741,391
1742,386
1742,391
1743,100
1744,400
1744,402
1744,491
175,1161
179,1048
179,1049
179,1059
179,1060
179,1138
179,1425
179,1426
179,1700
179,1710
179,1711
179,1712
179,1713
179,1714
179,1715
179,1716
179,1717
179,1718
179,1719
179,1720
179,1721
179,1723
180,1040
180,1041
180,1204
180,1589
180,1678
180,1679
181,1250
184,1202
187,1336
187,1401
187,1402
195,1053
199,1294
199,1369
203,1228
203,1229
203,1402
203,1451
203,1452
203,1453
203,1455
203,1468
203,1493
203,1502
208,1027
208,1028
208,1029
209,1178
209,1344
210,1178
211,1178
211,1344
212,1178
212,1344
213,1178
213,1344
216,1594
218,1524
218,1577
219,1114
219,1346
219,1538
219,1565
219,1568
219,1569
219,1570
219,1571
219,1572
219,1573
219,1574
219,1575
219,1576
221,1074
221,1244
222,1013
222,1249
224,1397
227,1221
228,1006
228,1007
228,1139
230,1234
233,1700
233,1710
233,1711
233,1713
233,1714
233,1716
233,1717
233,1719
233,1720
233,1721
233,1723
233,1729
236,1346
241,1016
253,1221
254,1221
255,1221
257,1221
258,1221
259,1221
260,1221
261,1221
262,1221
263,1704
265,1370
265,1515
267,1703
268,1704
278,1033
278,1034
279,1035
279,1039
279,1064
280,1036
280,1037
284,1160
284,1224
284,1382
285,1617
285,1618
286,1120
291,1405
291,1429
291,1438
292,1405
292,1406
292,1428
292,1433
292,1435
292,1436
292,1439
292,1440
292,1443
292,1445
292,1446
292,1447
292,1448
292,1449
293,1405
293,1433
293,1434
293,1436
293,1439
293,1440
293,1442
293,1443
293,1444
293,1445
294,1267
294,1405
294,1406
294,1434
294,1439
294,1440
294,1445
307,1050
307,1223
308,1676
309,1188
309,1189
309,1633
311,1657
311,1658
311,1659
315,1626
325,1202
325,1203
326,1202
326,1203
326,1205
328,1233
335,1333
342,1349
342,1350
342,1351
342,1352
342,1353
349,1068
349,1069
349,1070
349,1071
365,1003
365,1224
365,1260
365,1261
365,1262
365,1263
365,1264
365,1265
365,1266
386,1741
386,1742
391,1741
391,1742
400,1058
400,1583
400,1744
402,1058
402,1583
402,1744
407,1356
407,1357
407,1359
407,1360
407,1361
407,1362
409,1046
409,1654
409,1656
413,1016
415,1405
415,1434
415,1442
417,1427
422,1224
422,1260
422,1261
422,1263
422,1264
422,1266
426,1004
426,1388
427,1004
429,1012
429,1075
429,1214
429,1215
429,1505
429,1506
429,1507
429,1508
429,1509
430,1241
430,1242
431,1736
439,1024
439,1025
439,1229
439,1402
439,1455
440,1465
454,1622
455,1622
461,1048
461,1059
461,1710
461,1713
461,1719
461,1724
463,1075
489,1222
491,1058
491,1744
495,1337
508,1681
510,1218
510,1662
517,1282
517,1414
535,1591
541,1405
541,1406
541,1428
541,1429
541,1431
541,1432
541,1434
541,1435
541,1436
541,1438
541,1442
541,1444
542,1413
542,1539
568,1108
588,1663
601,1328
601,1418
629,1703
629,1704
629,1705
629,1706
636,1676
636,1677
660,1049
660,1710
660,1713
660,1714
660,1719
660,1720
660,1721
660,1723
660,1731
661,1710
661,1714
661,1720
661,1721
661,1723
664,1059
666,1710
666,1713
666,1714
666,1720
666,1721
669,1060
669,1710
669,1711
669,1713
669,1714
669,1715
670,1714
670,1721
671,1714
671,1729
673,1700
673,1710
673,1714
673,1716
673,1717
673,1719
673,1720
673,1729
679,1060
679,1107
679,1700
679,1710
679,1711
679,1712
679,1713
679,1714
679,1715
679,1716
679,1718
679,1719
679,1720
679,1721
680,1048
680,1060
680,1710
680,1711
680,1714
680,1718
680,1720
680,1722
681,1710
681,1714
685,1047
685,1049
685,1710
685,1714
685,1721
685,1723
685,1729
685,1730
690,1049
690,1060
690,1107
690,1700
690,1710
690,1711
690,1714
690,1715
690,1716
690,1718
690,1719
690,1720
695,1125
698,1271
701,1279
710,1006
710,1007
710,1139
716,1710
716,1713
716,1714
716,1719
716,1720
717,1710
717,1713
717,1714
717,1720
717,1721
718,1060
718,1700
718,1710
718,1713
718,1714
718,1719
718,1720
719,1292
719,1293
720,1063
720,1345
730,1062
733,1347
738,1418
744,1671
751,1067
751,1158
761,1411
794,1638
795,1638
799,1278
801,1407
801,1627
801,1740
802,1278
803,1125
807,1287
811,1712
812,1712
813,1714
816,1714
816,1721
817,1714
817,1721
821,1035
821,1039
821,1064
850,1192
850,1292
850,1293
866,1025
866,1121
866,1122
866,1123
866,1229
866,1235
866,1451
866,1453
866,1454
866,1455
866,1456
866,1457
869,1024
869,1025
869,1121
869,1229
869,1402
869,1451
869,1453
869,1455
869,1458
874,1013
875,1591
875,1627
878,1241
878,1242
878,1376
878,1380
881,1319
895,1681
897,1735
899,1734
902,1375
905,1418
906,1048
906,1060
906,1700
906,1710
906,1711
906,1712
906,1714
906,1715
906,1716
906,1717
906,1720
906,1722
907,1060
907,1710
907,1711
907,1712
907,1717
907,1718
907,1720
908,1067
909,1073
909,1385
909,1386
909,1389
909,1390
909,1391
909,1392
910,1073
911,1047
914,1595
927,1405
927,1428
927,1429
927,1430
927,1431
927,1432
927,1433
927,1434
927,1435
928,1439
928,1440
928,1444
928,1447
928,1448
928,1450
929,1405
929,1428
929,1429
929,1433
929,1434
929,1435
929,1436
929,1437
929,1439
929,1440
929,1442
929,1443
929,1444
929,1445
931,1072
931,1073
934,1381
935,1053
938,1282
940,1025
940,1026
940,1229
940,1235
940,1236
940,1402
940,1453
940,1455
940,1468
940,1493
940,1499
940,1501
940,1502
941,1024
941,1025
941,1121
941,1122
941,1123
941,1229
941,1235
941,1451
941,1453
943,1184
960,1595
965,1287
965,1510
969,1035
969,1375
978,1246
981,1418
983,1206
983,1207
988,1710
988,1714
988,1720
993,1148
993,1347
995,1005
995,1239
995,1240
995,1327
1000,1001
1001,1000
1002,1003
1003,1002
1003,1030
1003,1588
1005,1007
1007,1005
1007,1556
1008,1009
1008,1010
1008,1011
1009,1008
1009,1011
1010,1008
1010,1011
1011,1008
1011,1009
1011,1010
1013,1014
1013,1015
1014,1013
1015,1013
1024,1025
1024,1493
1025,1024
1025,1121
1025,1122
1025,1228
1025,1229
1025,1236
1025,1402
1025,1451
1025,1452
1025,1453
1025,1454
1025,1455
1025,1456
1025,1457
1025,1458
1025,1459
1025,1460
1025,1462
1026,1468
1026,1493
1026,1502
1030,1003
1031,1032
1032,1031
1032,1227
1035,1037
1036,1037
1036,1038
1036,1216
1036,1217
1037,1035
1037,1036
1037,1038
1037,1039
1038,1036
1038,1037
1039,1037
1040,1418
1040,1619
1042,1043
1042,1044
1043,1042
1043,1045
1044,1042
1045,1043
1045,1247
1047,1048
1047,1059
1047,1719
1047,1724
1047,1733
1048,1047
1048,1049
1048,1714
1049,1048
1049,1059
1049,1060
1049,1371
1049,1712
1049,1718
1049,1724
1049,1733
1050,1076
1052,1387
1052,1418
1053,1113
1053,1346
1053,1538
1055,1056
1055,1057
1056,1055
1056,1057
1057,1055
1057,1056
1059,1047
1059,1049
1059,1060
1059,1061
1059,1710
1059,1721
1060,1049
1060,1059
1060,1714
1060,1721
1060,1724
1060,1733
1061,1059
1064,1065
1064,1066
1065,1064
1066,1064
1067,1146
1067,1157
1067,1180
1067,1181
1067,1182
1067,1183
1067,1193
1067,1194
1067,1195
1067,1196
1067,1197
1067,1198
1067,1199
1072,1073
1072,1385
1072,1389
1072,1390
1072,1391
1072,1392
1073,1072
1073,1385
1073,1386
1073,1389
1073,1390
1073,1391
1073,1392
1074,1075
1074,1244
1074,1381
1075,1074
1076,1050
1100,1104
1101,1104
1104,1100
1104,1101
1108,1109
1109,1108
1110,1111
1111,1110
1112,1149
1112,1164
1112,1165
1112,1166
1112,1167
1113,1053
1115,1116
1115,1117
1115,1118
1115,1119
1116,1115
1117,1115
1118,1115
1119,1115
1121,1025
1121,1402
1121,1452
1121,1453
1121,1455
1121,1493
1122,1025
1122,1229
1122,1402
1122,1453
1122,1455
1122,1493
1123,1402
1123,1453
1123,1455
1123,1493
1125,1126
1125,1127
1125,1128
1125,1129
1125,1130
1125,1131
1125,1132
1125,1133
1126,1125
1127,1125
1127,1254
1127,1255
1128,1125
1129,1125
1130,1125
1131,1125
1132,1125
1133,1125
1134,1135
1135,1134
1140,1387
1141,1142
1142,1141
1143,1144
1144,1143
1144,1145
1144,1146
1145,1144
1146,1067
1146,1144
1149,1112
1149,1150
1149,1168
1150,1149
1150,1164
1150,1165
1150,1166
1150,1167
1150,1169
1151,1152
1152,1151
1153,1154
1153,1155
1153,1156
1154,1153
1155,1153
1156,1153
1157,1067
1157,1158
1158,1157
1158,1159
1159,1158
1162,1163
1163,1162
1164,1112
1164,1150
1164,1168
1165,1112
1165,1150
1165,1168
1166,1112
1166,1150
1166,1168
1167,1112
1167,1150
1167,1168
1168,1149
1168,1164
1168,1165
1168,1166
1168,1167
1168,1169
1169,1150
1169,1168
1170,1171
1171,1170
1172,1173
1173,1172
1176,1177
1177,1176
1179,1181
1179,1182
1179,1183
1179,1193
1179,1194
1180,1067
1181,1067
1181,1179
1181,1549
1181,1550
1182,1067
1182,1179
1182,1604
1182,1605
1182,1606
1182,1607
1182,1608
1182,1609
1182,1610
1183,1067
1183,1179
1184,1185
1185,1184
1185,1186
1186,1185
1186,1187
1187,1186
1190,1191
1191,1190
1191,1354
1191,1355
1193,1067
1193,1179
1194,1067
1194,1179
1194,1549
1194,1550
1195,1067
1196,1067
1197,1067
1198,1067
1199,1067
1200,1201
1201,1200
1202,1203
1202,1205
1203,1202
1203,1205
1204,1595
1205,1202
1205,1203
1208,1209
1209,1208
1210,1211
1210,1212
1210,1213
1211,1210
1212,1210
1213,1210
1216,1036
1217,1036
1219,1220
1220,1219
1227,1032
1228,1025
1228,1235
1228,1453
1228,1455
1229,1025
1229,1122
1229,1402
1229,1451
1229,1453
1229,1455
1229,1456
1229,1468
1229,1472
1229,1478
1229,1485
1229,1493
1229,1499
1229,1501
1229,1502
1235,1228
1235,1236
1235,1493
1235,1501
1235,1502
1236,1025
1236,1235
1236,1451
1236,1485
1236,1493
1236,1499
1236,1501
1236,1502
1237,1238
1238,1237
1241,1243
1242,1243
1243,1241
1243,1242
1244,1074
1244,1245
1245,1244
1247,1045
1247,1248
1248,1247
1251,1252
1252,1251
1253,1254
1253,1255
1253,1256
1253,1259
1254,1127
1254,1253
1254,1256
1254,1257
1254,1258
1254,1259
1255,1127
1255,1253
1255,1256
1255,1257
1255,1258
1256,1253
1256,1254
1256,1255
1257,1254
1257,1255
1257,1616
1258,1254
1258,1255
1258,1616
1259,1253
1259,1254
1268,1269
1269,1268
1270,1271
1271,1270
1272,1273
1272,1274
1273,1272
1274,1272
1275,1276
1275,1277
1276,1275
1276,1277
1277,1275
1277,1276
1279,1290
1280,1281
1281,1280
1282,1283
1282,1284
1282,1285
1282,1286
1283,1282
1283,1338
1284,1282
1285,1282
1286,1282
1287,1288
1287,1289
1288,1287
1288,1338
1289,1287
1290,1279
1292,1293
1293,1292
1296,1297
1296,1300
1296,1302
1296,1303
1296,1306
1297,1296
1298,1299
1298,1300
1298,1301
1298,1302
1298,1303
1298,1304
1298,1310
1298,1313
1299,1298
1299,1300
1300,1296
1300,1298
1300,1299
1300,1301
1300,1302
1300,1303
1300,1304
1300,1305
1300,1306
1300,1307
1300,1309
1300,1311
1301,1298
1301,1300
1301,1302
1301,1303
1301,1305
1301,1306
1301,1307
1301,1308
1301,1309
1301,1311
1301,1312
1301,1313
1301,1314
1302,1296
1302,1298
1302,1300
1302,1301
1302,1303
1302,1305
1302,1306
1302,1311
1302,1312
1302,1313
1302,1314
1303,1296
1303,1298
1303,1300
1303,1301
1303,1302
1303,1305
1303,1306
1303,1307
1303,1309
1303,1311
1303,1312
1304,1298
1304,1300
1305,1300
1305,1301
1305,1302
1305,1303
1305,1306
1305,1308
1305,1311
1305,1312
1305,1314
1306,1296
1306,1300
1306,1301
1306,1302
1306,1303
1306,1305
1306,1307
1306,1308
1306,1309
1306,1310
1306,1311
1306,1312
1306,1313
1306,1314
1307,1300
1307,1301
1307,1303
1307,1306
1307,1309
1308,1301
1308,1305
1308,1306
1309,1300
1309,1301
1309,1303
1309,1306
1309,1307
1309,1311
1309,1312
1309,1313
1310,1298
1310,1306
1311,1300
1311,1301
1311,1302
1311,1303
1311,1305
1311,1306
1311,1309
1311,1312
1312,1301
1312,1302
1312,1303
1312,1305
1312,1306
1312,1309
1312,1311
1312,1313
1312,1314
1313,1298
1313,1301
1313,1302
1313,1306
1313,1309
1313,1312
1314,1301
1314,1302
1314,1305
1314,1306
1314,1312
1315,1316
1316,1315
1317,1318
1318,1317
1320,1321
1320,1322
1321,1320
1321,1523
1322,1320
1322,1523
1323,1324
1324,1323
1325,1326
1326,1325
1326,1347
1327,1381
1328,1329
1328,1330
1329,1328
1330,1328
1331,1332
1332,1331
1338,1283
1338,1288
1339,1340
1339,1341
1339,1342
1339,1343
1340,1339
1340,1343
1341,1339
1341,1343
1342,1339
1343,1339
1343,1340
1343,1341
1346,1053
1347,1326
1347,1348
1348,1347
1354,1191
1355,1191
1358,1367
1358,1368
1365,1366
1366,1365
1367,1358
1367,1547
1367,1548
1368,1358
1368,1539
1368,1545
1368,1547
1368,1548
1371,1049
1372,1373
1372,1374
1373,1372
1374,1372
1375,1379
1376,1377
1376,1378
1377,1376
1377,1380
1378,1376
1378,1380
1379,1375
1380,1377
1380,1378
1381,1074
1381,1327
1381,1562
1383,1384
1384,1383
1385,1072
1385,1073
1385,1386
1385,1389
1385,1390
1385,1392
1385,1394
1386,1073
1386,1385
1386,1389
1386,1390
1386,1391
1386,1392
1387,1052
1387,1140
1389,1072
1389,1073
1389,1385
1389,1386
1390,1072
1390,1073
1390,1385
1390,1386
1390,1391
1390,1394
1391,1072
1391,1073
1391,1386
1391,1390
1391,1392
1391,1393
1391,1394
1391,1396
1392,1072
1392,1073
1392,1385
1392,1386
1392,1391
1392,1393
1392,1394
1393,1391
1393,1392
1393,1394
1394,1385
1394,1390
1394,1391
1394,1392
1394,1393
1394,1395
1395,1394
1396,1391
1397,1398
1397,1399
1398,1397
1399,1397
1402,1025
1402,1121
1402,1122
1402,1123
1402,1229
1402,1453
1402,1455
1403,1404
1404,1403
1404,1703
1405,1428
1405,1429
1405,1430
1405,1431
1405,1432
1405,1433
1405,1434
1405,1435
1405,1436
1405,1437
1405,1438
1405,1441
1405,1442
1405,1443
1406,1428
1406,1429
1406,1430
1406,1434
1406,1435
1406,1445
1406,1446
1408,1409
1409,1408
1410,1411
1411,1410
1411,1412
1412,1411
1415,1416
1415,1417
1416,1415
1416,1417
1417,1415
1417,1416
1418,1040
1418,1052
1418,1419
1418,1420
1418,1421
1418,1422
1418,1423
1418,1424
1419,1418
1420,1418
1421,1418
1422,1418
1423,1418
1424,1418
1428,1405
1428,1406
1428,1434
1428,1438
1428,1445
1428,1446
1429,1405
1429,1406
1429,1434
1429,1438
1429,1440
1429,1442
1430,1405
1430,1406
1430,1434
1430,1442
1431,1405
1431,1434
1431,1442
1432,1405
1432,1434
1432,1439
1432,1440
1432,1442
1433,1405
1433,1434
1433,1438
1433,1439
1433,1440
1433,1442
1433,1445
1433,1446
1434,1405
1434,1406
1434,1428
1434,1429
1434,1430
1434,1431
1434,1432
1434,1433
1434,1435
1434,1436
1434,1437
1434,1438
1434,1439
1434,1440
1434,1441
1434,1442
1435,1405
1435,1406
1435,1434
1435,1438
1435,1440
1435,1442
1435,1444
1435,1445
1435,1446
1436,1405
1436,1434
1436,1438
1436,1439
1436,1440
1436,1442
1436,1445
1436,1446
1437,1405
1437,1434
1437,1440
1437,1445
1438,1405
1438,1428
1438,1429
1438,1433
1438,1434
1438,1435
1438,1436
1438,1439
1438,1440
1438,1443
1438,1444
1438,1446
1438,1448
1438,1450
1439,1432
1439,1433
1439,1434
1439,1436
1439,1438
1439,1446
1440,1429
1440,1432
1440,1433
1440,1434
1440,1435
1440,1436
1440,1437
1440,1438
1441,1405
1441,1434
1442,1405
1442,1429
1442,1430
1442,1431
1442,1432
1442,1433
1442,1434
1442,1435
1442,1436
1443,1405
1443,1438
1443,1445
1444,1435
1444,1438
1444,1445
1445,1406
1445,1428
1445,1433
1445,1435
1445,1436
1445,1437
1445,1443
1445,1444
1445,1446
1445,1449
1446,1406
1446,1428
1446,1433
1446,1435
1446,1436
1446,1438
1446,1439
1446,1445
1446,1448
1448,1438
1448,1446
1449,1445
1450,1438
1451,1025
1451,1229
1451,1236
1451,1455
1451,1458
1452,1025
1452,1121
1452,1455
1452,1493
1453,1025
1453,1121
1453,1122
1453,1123
1453,1228
1453,1229
1453,1402
1453,1454
1453,1455
1453,1456
1453,1458
1453,1459
1453,1460
1453,1461
1453,1478
1454,1025
1454,1453
1454,1455
1454,1493
1455,1025
1455,1121
1455,1122
1455,1123
1455,1228
1455,1229
1455,1402
1455,1451
1455,1452
1455,1453
1455,1454
1455,1456
1455,1459
1455,1460
1455,1462
1456,1025
1456,1229
1456,1453
1456,1455
1456,1493
1457,1025
1457,1493
1458,1025
1458,1451
1458,1453
1459,1025
1459,1453
1459,1455
1459,1493
1460,1025
1460,1453
1460,1455
1461,1453
1462,1025
1462,1455
1463,1464
1463,1465
1464,1463
1464,1466
1464,1467
1464,1499
1465,1463
1465,1466
1465,1467
1465,1482
1465,1499
1465,1501
1465,1502
1466,1464
1466,1465
1466,1468
1466,1475
1466,1502
1466,1504
1467,1464
1467,1465
1467,1475
1468,1026
1468,1229
1468,1466
1468,1469
1468,1470
1468,1471
1468,1472
1468,1473
1468,1474
1469,1468
1469,1493
1470,1468
1470,1477
1470,1481
1470,1488
1470,1493
1470,1497
1470,1502
1470,1504
1471,1468
1471,1472
1471,1483
1471,1488
1471,1493
1471,1497
1471,1502
1471,1504
1472,1229
1472,1468
1472,1471
1472,1477
1472,1481
1472,1488
1472,1493
1472,1496
1472,1497
1472,1501
1472,1502
1472,1504
1473,1468
1473,1485
1473,1493
1473,1496
1473,1499
1473,1502
1473,1504
1474,1468
1474,1477
1474,1481
1474,1493
1474,1496
1474,1501
1474,1502
1474,1504
1475,1466
1475,1467
1475,1476
1475,1482
1475,1499
1476,1475
1477,1470
1477,1472
1477,1474
1477,1493
1478,1229
1478,1453
1478,1480
1478,1488
1478,1497
1478,1502
1479,1480
1480,1478
1480,1479
1481,1470
1481,1472
1481,1474
1481,1493
1482,1465
1482,1475
1482,1485
1482,1493
1482,1499
1482,1501
1482,1502
1483,1471
1483,1484
1484,1483
1485,1229
1485,1236
1485,1473
1485,1482
1485,1486
1485,1487
1486,1485
1486,1493
1486,1499
1486,1502
1486,1503
1487,1485
1487,1493
1488,1470
1488,1471
1488,1472
1488,1478
1488,1489
1488,1490
1488,1491
1488,1492
1489,1488
1489,1493
1489,1497
1489,1502
1490,1488
1490,1493
1490,1497
1490,1502
1490,1504
1491,1488
1491,1497
1491,1502
1492,1488
1492,1493
1492,1497
1492,1502
1493,1024
1493,1026
1493,1121
1493,1122
1493,1123
1493,1229
1493,1235
1493,1236
1493,1452
1493,1454
1493,1456
1493,1457
1493,1459
1493,1469
1493,1470
1493,1471
1493,1472
1493,1473
1493,1474
1493,1477
1493,1481
1493,1482
1493,1486
1493,1487
1493,1489
1493,1490
1493,1492
1493,1494
1493,1495
1494,1493
1495,1493
1495,1502
1496,1472
1496,1473
1496,1474
1497,1470
1497,1471
1497,1472
1497,1478
1497,1489
1497,1490
1497,1491
1497,1492
1497,1498
1498,1497
1498,1502
1498,1504
1499,1229
1499,1236
1499,1464
1499,1465
1499,1473
1499,1475
1499,1482
1499,1486
1499,1500
1500,1499
1500,1501
1501,1229
1501,1235
1501,1236
1501,1465
1501,1472
1501,1474
1501,1482
1501,1500
1502,1026
1502,1229
1502,1235
1502,1236
1502,1465
1502,1466
1502,1470
1502,1471
1502,1472
1502,1473
1502,1474
1502,1478
1502,1482
1502,1486
1502,1489
1502,1490
1502,1491
1502,1492
1502,1495
1502,1498
1502,1503
1503,1486
1503,1502
1504,1466
1504,1470
1504,1471
1504,1472
1504,1473
1504,1474
1504,1490
1504,1498
1505,1510
1510,1505
1511,1512
1511,1513
1512,1511
1512,1514
1513,1511
1513,1514
1513,1629
1513,1631
1514,1512
1514,1513
1516,1517
1517,1516
1518,1519
1519,1518
1523,1321
1523,1322
1525,1526
1526,1525
1527,1528
1528,1527
1530,1531
1531,1530
1532,1533
1533,1532
1534,1535
1535,1534
1536,1537
1537,1536
1538,1053
1539,1368
1539,1540
1539,1541
1539,1542
1539,1543
1539,1544
1540,1539
1541,1539
1541,1544
1541,1546
1542,1539
1543,1539
1544,1539
1544,1541
1544,1545
1544,1546
1545,1368
1545,1544
1546,1541
1546,1544
1547,1367
1547,1368
1548,1367
1548,1368
1549,1181
1549,1194
1550,1181
1550,1194
1550,1551
1550,1552
1550,1553
1551,1550
1552,1550
1553,1550
1554,1555
1555,1554
1556,1007
1557,1558
1558,1557
1558,1559
1559,1558
1560,1561
1561,1560
1562,1381
1563,1564
1564,1563
1566,1567
1567,1566
1578,1579
1578,1580
1579,1578
1579,1580
1580,1578
1580,1579
1581,1582
1582,1581
1584,1585
1585,1584
1586,1587
1587,1586
1588,1003
1589,1678
1589,1679
1590,1592
1591,1593
1592,1590
1593,1591
1595,1204
1595,1596
1595,1597
1595,1598
1595,1599
1595,1600
1595,1601
1595,1602
1596,1595
1597,1595
1598,1595
1599,1595
1600,1595
1601,1595
1602,1595
1604,1182
1605,1182
1606,1182
1607,1182
1608,1182
1609,1182
1610,1182
1611,1612
1612,1611
1613,1614
1613,1615
1614,1613
1615,1613
1616,1257
1616,1258
1619,1040
1620,1621
1621,1620
1623,1624
1624,1623
1627,1628
1628,1627
1629,1513
1629,1630
1630,1629
1630,1631
1631,1513
1631,1630
1631,1632
1632,1631
1633,1634
1634,1633
1636,1637
1637,1636
1638,1639
1638,1640
1638,1641
1638,1642
1638,1643
1638,1644
1638,1645
1639,1638
1640,1638
1641,1638
1642,1638
1643,1638
1644,1638
1645,1638
1646,1647
1646,1648
1646,1649
1646,1650
1646,1651
1647,1646
1648,1646
1649,1646
1650,1646
1651,1646
1652,1653
1653,1652
1654,1655
1655,1654
1657,1658
1657,1659
1657,1660
1657,1661
1658,1657
1659,1657
1660,1657
1661,1657
1664,1665
1665,1664
1666,1667
1666,1668
1667,1666
1667,1668
1668,1666
1668,1667
1669,1670
1670,1669
1672,1673
1673,1672
1674,1675
1675,1674
1678,1589
1678,1679
1679,1589
1679,1678
1680,1681
1681,1680
1681,1682
1681,1683
1681,1684
1681,1685
1681,1686
1682,1681
1683,1681
1684,1681
1685,1681
1686,1681
1687,1688
1687,1689
1687,1690
1687,1691
1687,1692
1687,1693
1687,1694
1687,1695
1687,1696
1687,1697
1687,1698
1688,1687
1688,1699
1689,1687
1689,1699
1690,1687
1691,1687
1692,1687
1693,1687
1694,1687
1694,1699
1695,1687
1695,1699
1696,1687
1697,1687
1698,1687
1698,1699
1699,1688
1699,1689
1699,1694
1699,1695
1699,1698
1700,1710
1700,1714
1701,1702
1702,1701
1703,1404
1703,1704
1703,1705
1703,1706
1703,1707
1703,1708
1703,1709
1704,1703
1704,1728
1705,1703
1706,1703
1707,1703
1708,1703
1709,1703
1710,1059
1710,1700
1710,1712
1710,1714
1710,1715
1710,1716
1710,1723
1710,1732
1711,1714
1712,1049
1712,1710
1712,1714
1712,1719
1714,1048
1714,1060
1714,1700
1714,1710
1714,1711
1714,1712
1714,1715
1714,1716
1714,1718
1714,1720
1715,1710
1715,1714
1715,1719
1716,1710
1716,1714
1718,1049
1718,1714
1718,1721
1719,1047
1719,1712
1719,1715
1719,1730
1720,1714
1721,1059
1721,1060
1721,1718
1723,1710
1724,1047
1724,1049
1724,1060
1725,1726
1725,1727
1726,1725
1727,1725
1728,1704
1730,1719
1732,1710
1733,1047
1733,1049
1733,1060
1734,1735
1735,1734
1737,1738
1738,1737
1738,1739
1739,1738
